0 0 204.7 204.75 
204.7 0 409.4 204.75 
409.4 0 614.1 204.75 
614.1 0 818.8 204.75 
818.8 0 1023.5 204.75 
1023.5 0 1228.2 204.75 
1228.2 0 1432.9 204.75 
1432.9 0 1637.6 204.75 
1637.6 0 1842.3 204.75 
1842.3 0 2047 204.75 
0 204.75 204.7 409.5 
204.7 204.75 409.4 409.5 
409.4 204.75 614.1 409.5 
614.1 204.75 818.8 409.5 
818.8 204.75 1023.5 409.5 
1023.5 204.75 1228.2 409.5 
1228.2 204.75 1432.9 409.5 
1432.9 204.75 1637.6 409.5 
1637.6 204.75 1842.3 409.5 
1842.3 204.75 2047 409.5 
0 409.5 204.7 614.25 
204.7 409.5 409.4 614.25 
409.4 409.5 614.1 614.25 
614.1 409.5 818.8 614.25 
818.8 409.5 1023.5 614.25 
1023.5 409.5 1228.2 614.25 
1228.2 409.5 1432.9 614.25 
1432.9 409.5 1637.6 614.25 
1637.6 409.5 1842.3 614.25 
1842.3 409.5 2047 614.25 
0 614.25 204.7 819 
204.7 614.25 409.4 819 
409.4 614.25 614.1 819 
614.1 614.25 818.8 819 
818.8 614.25 1023.5 819 
1023.5 614.25 1228.2 819 
1228.2 614.25 1432.9 819 
1432.9 614.25 1637.6 819 
1637.6 614.25 1842.3 819 
1842.3 614.25 2047 819 
0 819 204.7 1023.75 
204.7 819 409.4 1023.75 
409.4 819 614.1 1023.75 
614.1 819 818.8 1023.75 
818.8 819 1023.5 1023.75 
1023.5 819 1228.2 1023.75 
1228.2 819 1432.9 1023.75 
1432.9 819 1637.6 1023.75 
1637.6 819 1842.3 1023.75 
1842.3 819 2047 1023.75 
0 1023.75 204.7 1228.5 
204.7 1023.75 409.4 1228.5 
409.4 1023.75 614.1 1228.5 
614.1 1023.75 818.8 1228.5 
818.8 1023.75 1023.5 1228.5 
1023.5 1023.75 1228.2 1228.5 
1228.2 1023.75 1432.9 1228.5 
1432.9 1023.75 1637.6 1228.5 
1637.6 1023.75 1842.3 1228.5 
1842.3 1023.75 2047 1228.5 
0 1228.5 204.7 1433.25 
204.7 1228.5 409.4 1433.25 
409.4 1228.5 614.1 1433.25 
614.1 1228.5 818.8 1433.25 
818.8 1228.5 1023.5 1433.25 
1023.5 1228.5 1228.2 1433.25 
1228.2 1228.5 1432.9 1433.25 
1432.9 1228.5 1637.6 1433.25 
1637.6 1228.5 1842.3 1433.25 
1842.3 1228.5 2047 1433.25 
0 1433.25 204.7 1638 
204.7 1433.25 409.4 1638 
409.4 1433.25 614.1 1638 
614.1 1433.25 818.8 1638 
818.8 1433.25 1023.5 1638 
1023.5 1433.25 1228.2 1638 
1228.2 1433.25 1432.9 1638 
1432.9 1433.25 1637.6 1638 
1637.6 1433.25 1842.3 1638 
1842.3 1433.25 2047 1638 
0 1638 204.7 1842.75 
204.7 1638 409.4 1842.75 
409.4 1638 614.1 1842.75 
614.1 1638 818.8 1842.75 
818.8 1638 1023.5 1842.75 
1023.5 1638 1228.2 1842.75 
1228.2 1638 1432.9 1842.75 
1432.9 1638 1637.6 1842.75 
1637.6 1638 1842.3 1842.75 
1842.3 1638 2047 1842.75 
0 1842.75 204.7 2047.5 
204.7 1842.75 409.4 2047.5 
409.4 1842.75 614.1 2047.5 
614.1 1842.75 818.8 2047.5 
818.8 1842.75 1023.5 2047.5 
1023.5 1842.75 1228.2 2047.5 
1228.2 1842.75 1432.9 2047.5 
1432.9 1842.75 1637.6 2047.5 
1637.6 1842.75 1842.3 2047.5 
1842.3 1842.75 2047 2047.5 
0 2047.5 204.7 2252.25 
204.7 2047.5 409.4 2252.25 
409.4 2047.5 614.1 2252.25 
614.1 2047.5 818.8 2252.25 
818.8 2047.5 1023.5 2252.25 
1023.5 2047.5 1228.2 2252.25 
1228.2 2047.5 1432.9 2252.25 
1432.9 2047.5 1637.6 2252.25 
1637.6 2047.5 1842.3 2252.25 
1842.3 2047.5 2047 2252.25 
0 2252.25 204.7 2457 
204.7 2252.25 409.4 2457 
409.4 2252.25 614.1 2457 
614.1 2252.25 818.8 2457 
818.8 2252.25 1023.5 2457 
1023.5 2252.25 1228.2 2457 
1228.2 2252.25 1432.9 2457 
1432.9 2252.25 1637.6 2457 
1637.6 2252.25 1842.3 2457 
1842.3 2252.25 2047 2457 
0 2457 204.7 2661.75 
204.7 2457 409.4 2661.75 
409.4 2457 614.1 2661.75 
614.1 2457 818.8 2661.75 
818.8 2457 1023.5 2661.75 
1023.5 2457 1228.2 2661.75 
1228.2 2457 1432.9 2661.75 
1432.9 2457 1637.6 2661.75 
1637.6 2457 1842.3 2661.75 
1842.3 2457 2047 2661.75 
0 2661.75 204.7 2866.5 
204.7 2661.75 409.4 2866.5 
409.4 2661.75 614.1 2866.5 
614.1 2661.75 818.8 2866.5 
818.8 2661.75 1023.5 2866.5 
1023.5 2661.75 1228.2 2866.5 
1228.2 2661.75 1432.9 2866.5 
1432.9 2661.75 1637.6 2866.5 
1637.6 2661.75 1842.3 2866.5 
1842.3 2661.75 2047 2866.5 
0 2866.5 204.7 3071.25 
204.7 2866.5 409.4 3071.25 
409.4 2866.5 614.1 3071.25 
614.1 2866.5 818.8 3071.25 
818.8 2866.5 1023.5 3071.25 
1023.5 2866.5 1228.2 3071.25 
1228.2 2866.5 1432.9 3071.25 
1432.9 2866.5 1637.6 3071.25 
1637.6 2866.5 1842.3 3071.25 
1842.3 2866.5 2047 3071.25 
0 3071.25 204.7 3276 
204.7 3071.25 409.4 3276 
409.4 3071.25 614.1 3276 
614.1 3071.25 818.8 3276 
818.8 3071.25 1023.5 3276 
1023.5 3071.25 1228.2 3276 
1228.2 3071.25 1432.9 3276 
1432.9 3071.25 1637.6 3276 
1637.6 3071.25 1842.3 3276 
1842.3 3071.25 2047 3276 
0 3276 204.7 3480.75 
204.7 3276 409.4 3480.75 
409.4 3276 614.1 3480.75 
614.1 3276 818.8 3480.75 
818.8 3276 1023.5 3480.75 
1023.5 3276 1228.2 3480.75 
1228.2 3276 1432.9 3480.75 
1432.9 3276 1637.6 3480.75 
1637.6 3276 1842.3 3480.75 
1842.3 3276 2047 3480.75 
0 3480.75 204.7 3685.5 
204.7 3480.75 409.4 3685.5 
409.4 3480.75 614.1 3685.5 
614.1 3480.75 818.8 3685.5 
818.8 3480.75 1023.5 3685.5 
1023.5 3480.75 1228.2 3685.5 
1228.2 3480.75 1432.9 3685.5 
1432.9 3480.75 1637.6 3685.5 
1637.6 3480.75 1842.3 3685.5 
1842.3 3480.75 2047 3685.5 
0 3685.5 204.7 3890.25 
204.7 3685.5 409.4 3890.25 
409.4 3685.5 614.1 3890.25 
614.1 3685.5 818.8 3890.25 
818.8 3685.5 1023.5 3890.25 
1023.5 3685.5 1228.2 3890.25 
1228.2 3685.5 1432.9 3890.25 
1432.9 3685.5 1637.6 3890.25 
1637.6 3685.5 1842.3 3890.25 
1842.3 3685.5 2047 3890.25 
0 3890.25 204.7 4095 
204.7 3890.25 409.4 4095 
409.4 3890.25 614.1 4095 
614.1 3890.25 818.8 4095 
818.8 3890.25 1023.5 4095 
1023.5 3890.25 1228.2 4095 
1228.2 3890.25 1432.9 4095 
1432.9 3890.25 1637.6 4095 
1637.6 3890.25 1842.3 4095 
1842.3 3890.25 2047 4095 
0 0 204.7 204.75 
204.7 0 409.4 204.75 
409.4 0 614.1 204.75 
614.1 0 818.8 204.75 
818.8 0 1023.5 204.75 
1023.5 0 1228.2 204.75 
1228.2 0 1432.9 204.75 
1432.9 0 1637.6 204.75 
1637.6 0 1842.3 204.75 
1842.3 0 2047 204.75 
0 204.75 204.7 409.5 
204.7 204.75 409.4 409.5 
409.4 204.75 614.1 409.5 
614.1 204.75 818.8 409.5 
818.8 204.75 1023.5 409.5 
1023.5 204.75 1228.2 409.5 
1228.2 204.75 1432.9 409.5 
1432.9 204.75 1637.6 409.5 
1637.6 204.75 1842.3 409.5 
1842.3 204.75 2047 409.5 
0 409.5 204.7 614.25 
204.7 409.5 409.4 614.25 
409.4 409.5 614.1 614.25 
614.1 409.5 818.8 614.25 
818.8 409.5 1023.5 614.25 
1023.5 409.5 1228.2 614.25 
1228.2 409.5 1432.9 614.25 
1432.9 409.5 1637.6 614.25 
1637.6 409.5 1842.3 614.25 
1842.3 409.5 2047 614.25 
0 614.25 204.7 819 
204.7 614.25 409.4 819 
409.4 614.25 614.1 819 
614.1 614.25 818.8 819 
818.8 614.25 1023.5 819 
1023.5 614.25 1228.2 819 
1228.2 614.25 1432.9 819 
1432.9 614.25 1637.6 819 
1637.6 614.25 1842.3 819 
1842.3 614.25 2047 819 
0 819 204.7 1023.75 
204.7 819 409.4 1023.75 
409.4 819 614.1 1023.75 
614.1 819 818.8 1023.75 
818.8 819 1023.5 1023.75 
1023.5 819 1228.2 1023.75 
1228.2 819 1432.9 1023.75 
1432.9 819 1637.6 1023.75 
1637.6 819 1842.3 1023.75 
1842.3 819 2047 1023.75 
0 1023.75 204.7 1228.5 
204.7 1023.75 409.4 1228.5 
409.4 1023.75 614.1 1228.5 
614.1 1023.75 818.8 1228.5 
818.8 1023.75 1023.5 1228.5 
1023.5 1023.75 1228.2 1228.5 
1228.2 1023.75 1432.9 1228.5 
1432.9 1023.75 1637.6 1228.5 
1637.6 1023.75 1842.3 1228.5 
1842.3 1023.75 2047 1228.5 
0 1228.5 204.7 1433.25 
204.7 1228.5 409.4 1433.25 
409.4 1228.5 614.1 1433.25 
614.1 1228.5 818.8 1433.25 
818.8 1228.5 1023.5 1433.25 
1023.5 1228.5 1228.2 1433.25 
1228.2 1228.5 1432.9 1433.25 
1432.9 1228.5 1637.6 1433.25 
1637.6 1228.5 1842.3 1433.25 
1842.3 1228.5 2047 1433.25 
0 1433.25 204.7 1638 
204.7 1433.25 409.4 1638 
409.4 1433.25 614.1 1638 
614.1 1433.25 818.8 1638 
818.8 1433.25 1023.5 1638 
1023.5 1433.25 1228.2 1638 
1228.2 1433.25 1432.9 1638 
1432.9 1433.25 1637.6 1638 
1637.6 1433.25 1842.3 1638 
1842.3 1433.25 2047 1638 
0 1638 204.7 1842.75 
204.7 1638 409.4 1842.75 
409.4 1638 614.1 1842.75 
614.1 1638 818.8 1842.75 
818.8 1638 1023.5 1842.75 
1023.5 1638 1228.2 1842.75 
1228.2 1638 1432.9 1842.75 
1432.9 1638 1637.6 1842.75 
1637.6 1638 1842.3 1842.75 
1842.3 1638 2047 1842.75 
0 1842.75 204.7 2047.5 
204.7 1842.75 409.4 2047.5 
409.4 1842.75 614.1 2047.5 
614.1 1842.75 818.8 2047.5 
818.8 1842.75 1023.5 2047.5 
1023.5 1842.75 1228.2 2047.5 
1228.2 1842.75 1432.9 2047.5 
1432.9 1842.75 1637.6 2047.5 
1637.6 1842.75 1842.3 2047.5 
1842.3 1842.75 2047 2047.5 
0 2047.5 204.7 2252.25 
204.7 2047.5 409.4 2252.25 
409.4 2047.5 614.1 2252.25 
614.1 2047.5 818.8 2252.25 
818.8 2047.5 1023.5 2252.25 
1023.5 2047.5 1228.2 2252.25 
1228.2 2047.5 1432.9 2252.25 
1432.9 2047.5 1637.6 2252.25 
1637.6 2047.5 1842.3 2252.25 
1842.3 2047.5 2047 2252.25 
0 2252.25 204.7 2457 
204.7 2252.25 409.4 2457 
409.4 2252.25 614.1 2457 
614.1 2252.25 818.8 2457 
818.8 2252.25 1023.5 2457 
1023.5 2252.25 1228.2 2457 
1228.2 2252.25 1432.9 2457 
1432.9 2252.25 1637.6 2457 
1637.6 2252.25 1842.3 2457 
1842.3 2252.25 2047 2457 
0 2457 204.7 2661.75 
204.7 2457 409.4 2661.75 
409.4 2457 614.1 2661.75 
614.1 2457 818.8 2661.75 
818.8 2457 1023.5 2661.75 
1023.5 2457 1228.2 2661.75 
1228.2 2457 1432.9 2661.75 
1432.9 2457 1637.6 2661.75 
1637.6 2457 1842.3 2661.75 
1842.3 2457 2047 2661.75 
0 2661.75 204.7 2866.5 
204.7 2661.75 409.4 2866.5 
409.4 2661.75 614.1 2866.5 
614.1 2661.75 818.8 2866.5 
818.8 2661.75 1023.5 2866.5 
1023.5 2661.75 1228.2 2866.5 
1228.2 2661.75 1432.9 2866.5 
1432.9 2661.75 1637.6 2866.5 
1637.6 2661.75 1842.3 2866.5 
1842.3 2661.75 2047 2866.5 
0 2866.5 204.7 3071.25 
204.7 2866.5 409.4 3071.25 
409.4 2866.5 614.1 3071.25 
614.1 2866.5 818.8 3071.25 
818.8 2866.5 1023.5 3071.25 
1023.5 2866.5 1228.2 3071.25 
1228.2 2866.5 1432.9 3071.25 
1432.9 2866.5 1637.6 3071.25 
1637.6 2866.5 1842.3 3071.25 
1842.3 2866.5 2047 3071.25 
0 3071.25 204.7 3276 
204.7 3071.25 409.4 3276 
409.4 3071.25 614.1 3276 
614.1 3071.25 818.8 3276 
818.8 3071.25 1023.5 3276 
1023.5 3071.25 1228.2 3276 
1228.2 3071.25 1432.9 3276 
1432.9 3071.25 1637.6 3276 
1637.6 3071.25 1842.3 3276 
1842.3 3071.25 2047 3276 
0 3276 204.7 3480.75 
204.7 3276 409.4 3480.75 
409.4 3276 614.1 3480.75 
614.1 3276 818.8 3480.75 
818.8 3276 1023.5 3480.75 
1023.5 3276 1228.2 3480.75 
1228.2 3276 1432.9 3480.75 
1432.9 3276 1637.6 3480.75 
1637.6 3276 1842.3 3480.75 
1842.3 3276 2047 3480.75 
0 3480.75 204.7 3685.5 
204.7 3480.75 409.4 3685.5 
409.4 3480.75 614.1 3685.5 
614.1 3480.75 818.8 3685.5 
818.8 3480.75 1023.5 3685.5 
1023.5 3480.75 1228.2 3685.5 
1228.2 3480.75 1432.9 3685.5 
1432.9 3480.75 1637.6 3685.5 
1637.6 3480.75 1842.3 3685.5 
1842.3 3480.75 2047 3685.5 
0 3685.5 204.7 3890.25 
204.7 3685.5 409.4 3890.25 
409.4 3685.5 614.1 3890.25 
614.1 3685.5 818.8 3890.25 
818.8 3685.5 1023.5 3890.25 
1023.5 3685.5 1228.2 3890.25 
1228.2 3685.5 1432.9 3890.25 
1432.9 3685.5 1637.6 3890.25 
1637.6 3685.5 1842.3 3890.25 
1842.3 3685.5 2047 3890.25 
0 3890.25 204.7 4095 
204.7 3890.25 409.4 4095 
409.4 3890.25 614.1 4095 
614.1 3890.25 818.8 4095 
818.8 3890.25 1023.5 4095 
1023.5 3890.25 1228.2 4095 
1228.2 3890.25 1432.9 4095 
1432.9 3890.25 1637.6 4095 
1637.6 3890.25 1842.3 4095 
1842.3 3890.25 2047 4095 
0 0 204.7 204.75 
204.7 0 409.4 204.75 
409.4 0 614.1 204.75 
614.1 0 818.8 204.75 
818.8 0 1023.5 204.75 
1023.5 0 1228.2 204.75 
1228.2 0 1432.9 204.75 
1432.9 0 1637.6 204.75 
1637.6 0 1842.3 204.75 
1842.3 0 2047 204.75 
0 204.75 204.7 409.5 
204.7 204.75 409.4 409.5 
409.4 204.75 614.1 409.5 
614.1 204.75 818.8 409.5 
818.8 204.75 1023.5 409.5 
1023.5 204.75 1228.2 409.5 
1228.2 204.75 1432.9 409.5 
1432.9 204.75 1637.6 409.5 
1637.6 204.75 1842.3 409.5 
1842.3 204.75 2047 409.5 
0 409.5 204.7 614.25 
204.7 409.5 409.4 614.25 
409.4 409.5 614.1 614.25 
614.1 409.5 818.8 614.25 
818.8 409.5 1023.5 614.25 
1023.5 409.5 1228.2 614.25 
1228.2 409.5 1432.9 614.25 
1432.9 409.5 1637.6 614.25 
1637.6 409.5 1842.3 614.25 
1842.3 409.5 2047 614.25 
0 614.25 204.7 819 
204.7 614.25 409.4 819 
409.4 614.25 614.1 819 
614.1 614.25 818.8 819 
818.8 614.25 1023.5 819 
1023.5 614.25 1228.2 819 
1228.2 614.25 1432.9 819 
1432.9 614.25 1637.6 819 
1637.6 614.25 1842.3 819 
1842.3 614.25 2047 819 
0 819 204.7 1023.75 
204.7 819 409.4 1023.75 
409.4 819 614.1 1023.75 
614.1 819 818.8 1023.75 
818.8 819 1023.5 1023.75 
1023.5 819 1228.2 1023.75 
1228.2 819 1432.9 1023.75 
1432.9 819 1637.6 1023.75 
1637.6 819 1842.3 1023.75 
1842.3 819 2047 1023.75 
0 1023.75 204.7 1228.5 
204.7 1023.75 409.4 1228.5 
409.4 1023.75 614.1 1228.5 
614.1 1023.75 818.8 1228.5 
818.8 1023.75 1023.5 1228.5 
1023.5 1023.75 1228.2 1228.5 
1228.2 1023.75 1432.9 1228.5 
1432.9 1023.75 1637.6 1228.5 
1637.6 1023.75 1842.3 1228.5 
1842.3 1023.75 2047 1228.5 
0 1228.5 204.7 1433.25 
204.7 1228.5 409.4 1433.25 
409.4 1228.5 614.1 1433.25 
614.1 1228.5 818.8 1433.25 
818.8 1228.5 1023.5 1433.25 
1023.5 1228.5 1228.2 1433.25 
1228.2 1228.5 1432.9 1433.25 
1432.9 1228.5 1637.6 1433.25 
1637.6 1228.5 1842.3 1433.25 
1842.3 1228.5 2047 1433.25 
0 1433.25 204.7 1638 
204.7 1433.25 409.4 1638 
409.4 1433.25 614.1 1638 
614.1 1433.25 818.8 1638 
818.8 1433.25 1023.5 1638 
1023.5 1433.25 1228.2 1638 
1228.2 1433.25 1432.9 1638 
1432.9 1433.25 1637.6 1638 
1637.6 1433.25 1842.3 1638 
1842.3 1433.25 2047 1638 
0 1638 204.7 1842.75 
204.7 1638 409.4 1842.75 
409.4 1638 614.1 1842.75 
614.1 1638 818.8 1842.75 
818.8 1638 1023.5 1842.75 
1023.5 1638 1228.2 1842.75 
1228.2 1638 1432.9 1842.75 
1432.9 1638 1637.6 1842.75 
1637.6 1638 1842.3 1842.75 
1842.3 1638 2047 1842.75 
0 1842.75 204.7 2047.5 
204.7 1842.75 409.4 2047.5 
409.4 1842.75 614.1 2047.5 
614.1 1842.75 818.8 2047.5 
818.8 1842.75 1023.5 2047.5 
1023.5 1842.75 1228.2 2047.5 
1228.2 1842.75 1432.9 2047.5 
1432.9 1842.75 1637.6 2047.5 
1637.6 1842.75 1842.3 2047.5 
1842.3 1842.75 2047 2047.5 
0 2047.5 204.7 2252.25 
204.7 2047.5 409.4 2252.25 
409.4 2047.5 614.1 2252.25 
614.1 2047.5 818.8 2252.25 
818.8 2047.5 1023.5 2252.25 
1023.5 2047.5 1228.2 2252.25 
1228.2 2047.5 1432.9 2252.25 
1432.9 2047.5 1637.6 2252.25 
1637.6 2047.5 1842.3 2252.25 
1842.3 2047.5 2047 2252.25 
0 2252.25 204.7 2457 
204.7 2252.25 409.4 2457 
409.4 2252.25 614.1 2457 
614.1 2252.25 818.8 2457 
818.8 2252.25 1023.5 2457 
1023.5 2252.25 1228.2 2457 
1228.2 2252.25 1432.9 2457 
1432.9 2252.25 1637.6 2457 
1637.6 2252.25 1842.3 2457 
1842.3 2252.25 2047 2457 
0 2457 204.7 2661.75 
204.7 2457 409.4 2661.75 
409.4 2457 614.1 2661.75 
614.1 2457 818.8 2661.75 
818.8 2457 1023.5 2661.75 
1023.5 2457 1228.2 2661.75 
1228.2 2457 1432.9 2661.75 
1432.9 2457 1637.6 2661.75 
1637.6 2457 1842.3 2661.75 
1842.3 2457 2047 2661.75 
0 2661.75 204.7 2866.5 
204.7 2661.75 409.4 2866.5 
409.4 2661.75 614.1 2866.5 
614.1 2661.75 818.8 2866.5 
818.8 2661.75 1023.5 2866.5 
1023.5 2661.75 1228.2 2866.5 
1228.2 2661.75 1432.9 2866.5 
1432.9 2661.75 1637.6 2866.5 
1637.6 2661.75 1842.3 2866.5 
1842.3 2661.75 2047 2866.5 
0 2866.5 204.7 3071.25 
204.7 2866.5 409.4 3071.25 
409.4 2866.5 614.1 3071.25 
614.1 2866.5 818.8 3071.25 
818.8 2866.5 1023.5 3071.25 
1023.5 2866.5 1228.2 3071.25 
1228.2 2866.5 1432.9 3071.25 
1432.9 2866.5 1637.6 3071.25 
1637.6 2866.5 1842.3 3071.25 
1842.3 2866.5 2047 3071.25 
0 3071.25 204.7 3276 
204.7 3071.25 409.4 3276 
409.4 3071.25 614.1 3276 
614.1 3071.25 818.8 3276 
818.8 3071.25 1023.5 3276 
1023.5 3071.25 1228.2 3276 
1228.2 3071.25 1432.9 3276 
1432.9 3071.25 1637.6 3276 
1637.6 3071.25 1842.3 3276 
1842.3 3071.25 2047 3276 
0 3276 204.7 3480.75 
204.7 3276 409.4 3480.75 
409.4 3276 614.1 3480.75 
614.1 3276 818.8 3480.75 
818.8 3276 1023.5 3480.75 
1023.5 3276 1228.2 3480.75 
1228.2 3276 1432.9 3480.75 
1432.9 3276 1637.6 3480.75 
1637.6 3276 1842.3 3480.75 
1842.3 3276 2047 3480.75 
0 3480.75 204.7 3685.5 
204.7 3480.75 409.4 3685.5 
409.4 3480.75 614.1 3685.5 
614.1 3480.75 818.8 3685.5 
818.8 3480.75 1023.5 3685.5 
1023.5 3480.75 1228.2 3685.5 
1228.2 3480.75 1432.9 3685.5 
1432.9 3480.75 1637.6 3685.5 
1637.6 3480.75 1842.3 3685.5 
1842.3 3480.75 2047 3685.5 
0 3685.5 204.7 3890.25 
204.7 3685.5 409.4 3890.25 
409.4 3685.5 614.1 3890.25 
614.1 3685.5 818.8 3890.25 
818.8 3685.5 1023.5 3890.25 
1023.5 3685.5 1228.2 3890.25 
1228.2 3685.5 1432.9 3890.25 
1432.9 3685.5 1637.6 3890.25 
1637.6 3685.5 1842.3 3890.25 
1842.3 3685.5 2047 3890.25 
0 3890.25 204.7 4095 
204.7 3890.25 409.4 4095 
409.4 3890.25 614.1 4095 
614.1 3890.25 818.8 4095 
818.8 3890.25 1023.5 4095 
1023.5 3890.25 1228.2 4095 
1228.2 3890.25 1432.9 4095 
1432.9 3890.25 1637.6 4095 
1637.6 3890.25 1842.3 4095 
1842.3 3890.25 2047 4095 
0 0 204.7 204.75 
204.7 0 409.4 204.75 
409.4 0 614.1 204.75 
614.1 0 818.8 204.75 
818.8 0 1023.5 204.75 
1023.5 0 1228.2 204.75 
1228.2 0 1432.9 204.75 
1432.9 0 1637.6 204.75 
1637.6 0 1842.3 204.75 
1842.3 0 2047 204.75 
0 204.75 204.7 409.5 
204.7 204.75 409.4 409.5 
409.4 204.75 614.1 409.5 
614.1 204.75 818.8 409.5 
818.8 204.75 1023.5 409.5 
1023.5 204.75 1228.2 409.5 
1228.2 204.75 1432.9 409.5 
1432.9 204.75 1637.6 409.5 
1637.6 204.75 1842.3 409.5 
1842.3 204.75 2047 409.5 
0 409.5 204.7 614.25 
204.7 409.5 409.4 614.25 
409.4 409.5 614.1 614.25 
614.1 409.5 818.8 614.25 
818.8 409.5 1023.5 614.25 
1023.5 409.5 1228.2 614.25 
1228.2 409.5 1432.9 614.25 
1432.9 409.5 1637.6 614.25 
1637.6 409.5 1842.3 614.25 
1842.3 409.5 2047 614.25 
0 614.25 204.7 819 
204.7 614.25 409.4 819 
409.4 614.25 614.1 819 
614.1 614.25 818.8 819 
818.8 614.25 1023.5 819 
1023.5 614.25 1228.2 819 
1228.2 614.25 1432.9 819 
1432.9 614.25 1637.6 819 
1637.6 614.25 1842.3 819 
1842.3 614.25 2047 819 
0 819 204.7 1023.75 
204.7 819 409.4 1023.75 
409.4 819 614.1 1023.75 
614.1 819 818.8 1023.75 
818.8 819 1023.5 1023.75 
1023.5 819 1228.2 1023.75 
1228.2 819 1432.9 1023.75 
1432.9 819 1637.6 1023.75 
1637.6 819 1842.3 1023.75 
1842.3 819 2047 1023.75 
0 1023.75 204.7 1228.5 
204.7 1023.75 409.4 1228.5 
409.4 1023.75 614.1 1228.5 
614.1 1023.75 818.8 1228.5 
818.8 1023.75 1023.5 1228.5 
1023.5 1023.75 1228.2 1228.5 
1228.2 1023.75 1432.9 1228.5 
1432.9 1023.75 1637.6 1228.5 
1637.6 1023.75 1842.3 1228.5 
1842.3 1023.75 2047 1228.5 
0 1228.5 204.7 1433.25 
204.7 1228.5 409.4 1433.25 
409.4 1228.5 614.1 1433.25 
614.1 1228.5 818.8 1433.25 
818.8 1228.5 1023.5 1433.25 
1023.5 1228.5 1228.2 1433.25 
1228.2 1228.5 1432.9 1433.25 
1432.9 1228.5 1637.6 1433.25 
1637.6 1228.5 1842.3 1433.25 
1842.3 1228.5 2047 1433.25 
0 1433.25 204.7 1638 
204.7 1433.25 409.4 1638 
409.4 1433.25 614.1 1638 
614.1 1433.25 818.8 1638 
818.8 1433.25 1023.5 1638 
1023.5 1433.25 1228.2 1638 
1228.2 1433.25 1432.9 1638 
1432.9 1433.25 1637.6 1638 
1637.6 1433.25 1842.3 1638 
1842.3 1433.25 2047 1638 
0 1638 204.7 1842.75 
204.7 1638 409.4 1842.75 
409.4 1638 614.1 1842.75 
614.1 1638 818.8 1842.75 
818.8 1638 1023.5 1842.75 
1023.5 1638 1228.2 1842.75 
1228.2 1638 1432.9 1842.75 
1432.9 1638 1637.6 1842.75 
1637.6 1638 1842.3 1842.75 
1842.3 1638 2047 1842.75 
0 1842.75 204.7 2047.5 
204.7 1842.75 409.4 2047.5 
409.4 1842.75 614.1 2047.5 
614.1 1842.75 818.8 2047.5 
818.8 1842.75 1023.5 2047.5 
1023.5 1842.75 1228.2 2047.5 
1228.2 1842.75 1432.9 2047.5 
1432.9 1842.75 1637.6 2047.5 
1637.6 1842.75 1842.3 2047.5 
1842.3 1842.75 2047 2047.5 
0 2047.5 204.7 2252.25 
204.7 2047.5 409.4 2252.25 
409.4 2047.5 614.1 2252.25 
614.1 2047.5 818.8 2252.25 
818.8 2047.5 1023.5 2252.25 
1023.5 2047.5 1228.2 2252.25 
1228.2 2047.5 1432.9 2252.25 
1432.9 2047.5 1637.6 2252.25 
1637.6 2047.5 1842.3 2252.25 
1842.3 2047.5 2047 2252.25 
0 2252.25 204.7 2457 
204.7 2252.25 409.4 2457 
409.4 2252.25 614.1 2457 
614.1 2252.25 818.8 2457 
818.8 2252.25 1023.5 2457 
1023.5 2252.25 1228.2 2457 
1228.2 2252.25 1432.9 2457 
1432.9 2252.25 1637.6 2457 
1637.6 2252.25 1842.3 2457 
1842.3 2252.25 2047 2457 
0 2457 204.7 2661.75 
204.7 2457 409.4 2661.75 
409.4 2457 614.1 2661.75 
614.1 2457 818.8 2661.75 
818.8 2457 1023.5 2661.75 
1023.5 2457 1228.2 2661.75 
1228.2 2457 1432.9 2661.75 
1432.9 2457 1637.6 2661.75 
1637.6 2457 1842.3 2661.75 
1842.3 2457 2047 2661.75 
0 2661.75 204.7 2866.5 
204.7 2661.75 409.4 2866.5 
409.4 2661.75 614.1 2866.5 
614.1 2661.75 818.8 2866.5 
818.8 2661.75 1023.5 2866.5 
1023.5 2661.75 1228.2 2866.5 
1228.2 2661.75 1432.9 2866.5 
1432.9 2661.75 1637.6 2866.5 
1637.6 2661.75 1842.3 2866.5 
1842.3 2661.75 2047 2866.5 
0 2866.5 204.7 3071.25 
204.7 2866.5 409.4 3071.25 
409.4 2866.5 614.1 3071.25 
614.1 2866.5 818.8 3071.25 
818.8 2866.5 1023.5 3071.25 
1023.5 2866.5 1228.2 3071.25 
1228.2 2866.5 1432.9 3071.25 
1432.9 2866.5 1637.6 3071.25 
1637.6 2866.5 1842.3 3071.25 
1842.3 2866.5 2047 3071.25 
0 3071.25 204.7 3276 
204.7 3071.25 409.4 3276 
409.4 3071.25 614.1 3276 
614.1 3071.25 818.8 3276 
818.8 3071.25 1023.5 3276 
1023.5 3071.25 1228.2 3276 
1228.2 3071.25 1432.9 3276 
1432.9 3071.25 1637.6 3276 
1637.6 3071.25 1842.3 3276 
1842.3 3071.25 2047 3276 
0 3276 204.7 3480.75 
204.7 3276 409.4 3480.75 
409.4 3276 614.1 3480.75 
614.1 3276 818.8 3480.75 
818.8 3276 1023.5 3480.75 
1023.5 3276 1228.2 3480.75 
1228.2 3276 1432.9 3480.75 
1432.9 3276 1637.6 3480.75 
1637.6 3276 1842.3 3480.75 
1842.3 3276 2047 3480.75 
0 3480.75 204.7 3685.5 
204.7 3480.75 409.4 3685.5 
409.4 3480.75 614.1 3685.5 
614.1 3480.75 818.8 3685.5 
818.8 3480.75 1023.5 3685.5 
1023.5 3480.75 1228.2 3685.5 
1228.2 3480.75 1432.9 3685.5 
1432.9 3480.75 1637.6 3685.5 
1637.6 3480.75 1842.3 3685.5 
1842.3 3480.75 2047 3685.5 
0 3685.5 204.7 3890.25 
204.7 3685.5 409.4 3890.25 
409.4 3685.5 614.1 3890.25 
614.1 3685.5 818.8 3890.25 
818.8 3685.5 1023.5 3890.25 
1023.5 3685.5 1228.2 3890.25 
1228.2 3685.5 1432.9 3890.25 
1432.9 3685.5 1637.6 3890.25 
1637.6 3685.5 1842.3 3890.25 
1842.3 3685.5 2047 3890.25 
0 3890.25 204.7 4095 
204.7 3890.25 409.4 4095 
409.4 3890.25 614.1 4095 
614.1 3890.25 818.8 4095 
818.8 3890.25 1023.5 4095 
1023.5 3890.25 1228.2 4095 
1228.2 3890.25 1432.9 4095 
1432.9 3890.25 1637.6 4095 
1637.6 3890.25 1842.3 4095 
1842.3 3890.25 2047 4095 
0 0 204.7 204.75 
204.7 0 409.4 204.75 
409.4 0 614.1 204.75 
614.1 0 818.8 204.75 
818.8 0 1023.5 204.75 
1023.5 0 1228.2 204.75 
1228.2 0 1432.9 204.75 
1432.9 0 1637.6 204.75 
1637.6 0 1842.3 204.75 
1842.3 0 2047 204.75 
0 204.75 204.7 409.5 
204.7 204.75 409.4 409.5 
409.4 204.75 614.1 409.5 
614.1 204.75 818.8 409.5 
818.8 204.75 1023.5 409.5 
1023.5 204.75 1228.2 409.5 
1228.2 204.75 1432.9 409.5 
1432.9 204.75 1637.6 409.5 
1637.6 204.75 1842.3 409.5 
1842.3 204.75 2047 409.5 
0 409.5 204.7 614.25 
204.7 409.5 409.4 614.25 
409.4 409.5 614.1 614.25 
614.1 409.5 818.8 614.25 
818.8 409.5 1023.5 614.25 
1023.5 409.5 1228.2 614.25 
1228.2 409.5 1432.9 614.25 
1432.9 409.5 1637.6 614.25 
1637.6 409.5 1842.3 614.25 
1842.3 409.5 2047 614.25 
0 614.25 204.7 819 
204.7 614.25 409.4 819 
409.4 614.25 614.1 819 
614.1 614.25 818.8 819 
818.8 614.25 1023.5 819 
1023.5 614.25 1228.2 819 
1228.2 614.25 1432.9 819 
1432.9 614.25 1637.6 819 
1637.6 614.25 1842.3 819 
1842.3 614.25 2047 819 
0 819 204.7 1023.75 
204.7 819 409.4 1023.75 
409.4 819 614.1 1023.75 
614.1 819 818.8 1023.75 
818.8 819 1023.5 1023.75 
1023.5 819 1228.2 1023.75 
1228.2 819 1432.9 1023.75 
1432.9 819 1637.6 1023.75 
1637.6 819 1842.3 1023.75 
1842.3 819 2047 1023.75 
0 1023.75 204.7 1228.5 
204.7 1023.75 409.4 1228.5 
409.4 1023.75 614.1 1228.5 
614.1 1023.75 818.8 1228.5 
818.8 1023.75 1023.5 1228.5 
1023.5 1023.75 1228.2 1228.5 
1228.2 1023.75 1432.9 1228.5 
1432.9 1023.75 1637.6 1228.5 
1637.6 1023.75 1842.3 1228.5 
1842.3 1023.75 2047 1228.5 
0 1228.5 204.7 1433.25 
204.7 1228.5 409.4 1433.25 
409.4 1228.5 614.1 1433.25 
614.1 1228.5 818.8 1433.25 
818.8 1228.5 1023.5 1433.25 
1023.5 1228.5 1228.2 1433.25 
1228.2 1228.5 1432.9 1433.25 
1432.9 1228.5 1637.6 1433.25 
1637.6 1228.5 1842.3 1433.25 
1842.3 1228.5 2047 1433.25 
0 1433.25 204.7 1638 
204.7 1433.25 409.4 1638 
409.4 1433.25 614.1 1638 
614.1 1433.25 818.8 1638 
818.8 1433.25 1023.5 1638 
1023.5 1433.25 1228.2 1638 
1228.2 1433.25 1432.9 1638 
1432.9 1433.25 1637.6 1638 
1637.6 1433.25 1842.3 1638 
1842.3 1433.25 2047 1638 
0 1638 204.7 1842.75 
204.7 1638 409.4 1842.75 
409.4 1638 614.1 1842.75 
614.1 1638 818.8 1842.75 
818.8 1638 1023.5 1842.75 
1023.5 1638 1228.2 1842.75 
1228.2 1638 1432.9 1842.75 
1432.9 1638 1637.6 1842.75 
1637.6 1638 1842.3 1842.75 
1842.3 1638 2047 1842.75 
0 1842.75 204.7 2047.5 
204.7 1842.75 409.4 2047.5 
409.4 1842.75 614.1 2047.5 
614.1 1842.75 818.8 2047.5 
818.8 1842.75 1023.5 2047.5 
1023.5 1842.75 1228.2 2047.5 
1228.2 1842.75 1432.9 2047.5 
1432.9 1842.75 1637.6 2047.5 
1637.6 1842.75 1842.3 2047.5 
1842.3 1842.75 2047 2047.5 
0 2047.5 204.7 2252.25 
204.7 2047.5 409.4 2252.25 
409.4 2047.5 614.1 2252.25 
614.1 2047.5 818.8 2252.25 
818.8 2047.5 1023.5 2252.25 
1023.5 2047.5 1228.2 2252.25 
1228.2 2047.5 1432.9 2252.25 
1432.9 2047.5 1637.6 2252.25 
1637.6 2047.5 1842.3 2252.25 
1842.3 2047.5 2047 2252.25 
0 2252.25 204.7 2457 
204.7 2252.25 409.4 2457 
409.4 2252.25 614.1 2457 
614.1 2252.25 818.8 2457 
818.8 2252.25 1023.5 2457 
1023.5 2252.25 1228.2 2457 
1228.2 2252.25 1432.9 2457 
1432.9 2252.25 1637.6 2457 
1637.6 2252.25 1842.3 2457 
1842.3 2252.25 2047 2457 
0 2457 204.7 2661.75 
204.7 2457 409.4 2661.75 
409.4 2457 614.1 2661.75 
614.1 2457 818.8 2661.75 
818.8 2457 1023.5 2661.75 
1023.5 2457 1228.2 2661.75 
1228.2 2457 1432.9 2661.75 
1432.9 2457 1637.6 2661.75 
1637.6 2457 1842.3 2661.75 
1842.3 2457 2047 2661.75 
0 2661.75 204.7 2866.5 
204.7 2661.75 409.4 2866.5 
409.4 2661.75 614.1 2866.5 
614.1 2661.75 818.8 2866.5 
818.8 2661.75 1023.5 2866.5 
1023.5 2661.75 1228.2 2866.5 
1228.2 2661.75 1432.9 2866.5 
1432.9 2661.75 1637.6 2866.5 
1637.6 2661.75 1842.3 2866.5 
1842.3 2661.75 2047 2866.5 
0 2866.5 204.7 3071.25 
204.7 2866.5 409.4 3071.25 
409.4 2866.5 614.1 3071.25 
614.1 2866.5 818.8 3071.25 
818.8 2866.5 1023.5 3071.25 
1023.5 2866.5 1228.2 3071.25 
1228.2 2866.5 1432.9 3071.25 
1432.9 2866.5 1637.6 3071.25 
1637.6 2866.5 1842.3 3071.25 
1842.3 2866.5 2047 3071.25 
0 3071.25 204.7 3276 
204.7 3071.25 409.4 3276 
409.4 3071.25 614.1 3276 
614.1 3071.25 818.8 3276 
818.8 3071.25 1023.5 3276 
1023.5 3071.25 1228.2 3276 
1228.2 3071.25 1432.9 3276 
1432.9 3071.25 1637.6 3276 
1637.6 3071.25 1842.3 3276 
1842.3 3071.25 2047 3276 
0 3276 204.7 3480.75 
204.7 3276 409.4 3480.75 
409.4 3276 614.1 3480.75 
614.1 3276 818.8 3480.75 
818.8 3276 1023.5 3480.75 
1023.5 3276 1228.2 3480.75 
1228.2 3276 1432.9 3480.75 
1432.9 3276 1637.6 3480.75 
1637.6 3276 1842.3 3480.75 
1842.3 3276 2047 3480.75 
0 3480.75 204.7 3685.5 
204.7 3480.75 409.4 3685.5 
409.4 3480.75 614.1 3685.5 
614.1 3480.75 818.8 3685.5 
818.8 3480.75 1023.5 3685.5 
1023.5 3480.75 1228.2 3685.5 
1228.2 3480.75 1432.9 3685.5 
1432.9 3480.75 1637.6 3685.5 
1637.6 3480.75 1842.3 3685.5 
1842.3 3480.75 2047 3685.5 
0 3685.5 204.7 3890.25 
204.7 3685.5 409.4 3890.25 
409.4 3685.5 614.1 3890.25 
614.1 3685.5 818.8 3890.25 
818.8 3685.5 1023.5 3890.25 
1023.5 3685.5 1228.2 3890.25 
1228.2 3685.5 1432.9 3890.25 
1432.9 3685.5 1637.6 3890.25 
1637.6 3685.5 1842.3 3890.25 
1842.3 3685.5 2047 3890.25 
0 3890.25 204.7 4095 
204.7 3890.25 409.4 4095 
409.4 3890.25 614.1 4095 
614.1 3890.25 818.8 4095 
818.8 3890.25 1023.5 4095 
1023.5 3890.25 1228.2 4095 
1228.2 3890.25 1432.9 4095 
1432.9 3890.25 1637.6 4095 
1637.6 3890.25 1842.3 4095 
1842.3 3890.25 2047 4095 
0 0 204.7 204.75 
204.7 0 409.4 204.75 
409.4 0 614.1 204.75 
614.1 0 818.8 204.75 
818.8 0 1023.5 204.75 
1023.5 0 1228.2 204.75 
1228.2 0 1432.9 204.75 
1432.9 0 1637.6 204.75 
1637.6 0 1842.3 204.75 
1842.3 0 2047 204.75 
0 204.75 204.7 409.5 
204.7 204.75 409.4 409.5 
409.4 204.75 614.1 409.5 
614.1 204.75 818.8 409.5 
818.8 204.75 1023.5 409.5 
1023.5 204.75 1228.2 409.5 
1228.2 204.75 1432.9 409.5 
1432.9 204.75 1637.6 409.5 
1637.6 204.75 1842.3 409.5 
1842.3 204.75 2047 409.5 
0 409.5 204.7 614.25 
204.7 409.5 409.4 614.25 
409.4 409.5 614.1 614.25 
614.1 409.5 818.8 614.25 
818.8 409.5 1023.5 614.25 
1023.5 409.5 1228.2 614.25 
1228.2 409.5 1432.9 614.25 
1432.9 409.5 1637.6 614.25 
1637.6 409.5 1842.3 614.25 
1842.3 409.5 2047 614.25 
0 614.25 204.7 819 
204.7 614.25 409.4 819 
409.4 614.25 614.1 819 
614.1 614.25 818.8 819 
818.8 614.25 1023.5 819 
1023.5 614.25 1228.2 819 
1228.2 614.25 1432.9 819 
1432.9 614.25 1637.6 819 
1637.6 614.25 1842.3 819 
1842.3 614.25 2047 819 
0 819 204.7 1023.75 
204.7 819 409.4 1023.75 
409.4 819 614.1 1023.75 
614.1 819 818.8 1023.75 
818.8 819 1023.5 1023.75 
1023.5 819 1228.2 1023.75 
1228.2 819 1432.9 1023.75 
1432.9 819 1637.6 1023.75 
1637.6 819 1842.3 1023.75 
1842.3 819 2047 1023.75 
0 1023.75 204.7 1228.5 
204.7 1023.75 409.4 1228.5 
409.4 1023.75 614.1 1228.5 
614.1 1023.75 818.8 1228.5 
818.8 1023.75 1023.5 1228.5 
1023.5 1023.75 1228.2 1228.5 
1228.2 1023.75 1432.9 1228.5 
1432.9 1023.75 1637.6 1228.5 
1637.6 1023.75 1842.3 1228.5 
1842.3 1023.75 2047 1228.5 
0 1228.5 204.7 1433.25 
204.7 1228.5 409.4 1433.25 
409.4 1228.5 614.1 1433.25 
614.1 1228.5 818.8 1433.25 
818.8 1228.5 1023.5 1433.25 
1023.5 1228.5 1228.2 1433.25 
1228.2 1228.5 1432.9 1433.25 
1432.9 1228.5 1637.6 1433.25 
1637.6 1228.5 1842.3 1433.25 
1842.3 1228.5 2047 1433.25 
0 1433.25 204.7 1638 
204.7 1433.25 409.4 1638 
409.4 1433.25 614.1 1638 
614.1 1433.25 818.8 1638 
818.8 1433.25 1023.5 1638 
1023.5 1433.25 1228.2 1638 
1228.2 1433.25 1432.9 1638 
1432.9 1433.25 1637.6 1638 
1637.6 1433.25 1842.3 1638 
1842.3 1433.25 2047 1638 
0 1638 204.7 1842.75 
204.7 1638 409.4 1842.75 
409.4 1638 614.1 1842.75 
614.1 1638 818.8 1842.75 
818.8 1638 1023.5 1842.75 
1023.5 1638 1228.2 1842.75 
1228.2 1638 1432.9 1842.75 
1432.9 1638 1637.6 1842.75 
1637.6 1638 1842.3 1842.75 
1842.3 1638 2047 1842.75 
0 1842.75 204.7 2047.5 
204.7 1842.75 409.4 2047.5 
409.4 1842.75 614.1 2047.5 
614.1 1842.75 818.8 2047.5 
818.8 1842.75 1023.5 2047.5 
1023.5 1842.75 1228.2 2047.5 
1228.2 1842.75 1432.9 2047.5 
1432.9 1842.75 1637.6 2047.5 
1637.6 1842.75 1842.3 2047.5 
1842.3 1842.75 2047 2047.5 
0 2047.5 204.7 2252.25 
204.7 2047.5 409.4 2252.25 
409.4 2047.5 614.1 2252.25 
614.1 2047.5 818.8 2252.25 
818.8 2047.5 1023.5 2252.25 
1023.5 2047.5 1228.2 2252.25 
1228.2 2047.5 1432.9 2252.25 
1432.9 2047.5 1637.6 2252.25 
1637.6 2047.5 1842.3 2252.25 
1842.3 2047.5 2047 2252.25 
0 2252.25 204.7 2457 
204.7 2252.25 409.4 2457 
409.4 2252.25 614.1 2457 
614.1 2252.25 818.8 2457 
818.8 2252.25 1023.5 2457 
1023.5 2252.25 1228.2 2457 
1228.2 2252.25 1432.9 2457 
1432.9 2252.25 1637.6 2457 
1637.6 2252.25 1842.3 2457 
1842.3 2252.25 2047 2457 
0 2457 204.7 2661.75 
204.7 2457 409.4 2661.75 
409.4 2457 614.1 2661.75 
614.1 2457 818.8 2661.75 
818.8 2457 1023.5 2661.75 
1023.5 2457 1228.2 2661.75 
1228.2 2457 1432.9 2661.75 
1432.9 2457 1637.6 2661.75 
1637.6 2457 1842.3 2661.75 
1842.3 2457 2047 2661.75 
0 2661.75 204.7 2866.5 
204.7 2661.75 409.4 2866.5 
409.4 2661.75 614.1 2866.5 
614.1 2661.75 818.8 2866.5 
818.8 2661.75 1023.5 2866.5 
1023.5 2661.75 1228.2 2866.5 
1228.2 2661.75 1432.9 2866.5 
1432.9 2661.75 1637.6 2866.5 
1637.6 2661.75 1842.3 2866.5 
1842.3 2661.75 2047 2866.5 
0 2866.5 204.7 3071.25 
204.7 2866.5 409.4 3071.25 
409.4 2866.5 614.1 3071.25 
614.1 2866.5 818.8 3071.25 
818.8 2866.5 1023.5 3071.25 
1023.5 2866.5 1228.2 3071.25 
1228.2 2866.5 1432.9 3071.25 
1432.9 2866.5 1637.6 3071.25 
1637.6 2866.5 1842.3 3071.25 
1842.3 2866.5 2047 3071.25 
0 3071.25 204.7 3276 
204.7 3071.25 409.4 3276 
409.4 3071.25 614.1 3276 
614.1 3071.25 818.8 3276 
818.8 3071.25 1023.5 3276 
1023.5 3071.25 1228.2 3276 
1228.2 3071.25 1432.9 3276 
1432.9 3071.25 1637.6 3276 
1637.6 3071.25 1842.3 3276 
1842.3 3071.25 2047 3276 
0 3276 204.7 3480.75 
204.7 3276 409.4 3480.75 
409.4 3276 614.1 3480.75 
614.1 3276 818.8 3480.75 
818.8 3276 1023.5 3480.75 
1023.5 3276 1228.2 3480.75 
1228.2 3276 1432.9 3480.75 
1432.9 3276 1637.6 3480.75 
1637.6 3276 1842.3 3480.75 
1842.3 3276 2047 3480.75 
0 3480.75 204.7 3685.5 
204.7 3480.75 409.4 3685.5 
409.4 3480.75 614.1 3685.5 
614.1 3480.75 818.8 3685.5 
818.8 3480.75 1023.5 3685.5 
1023.5 3480.75 1228.2 3685.5 
1228.2 3480.75 1432.9 3685.5 
1432.9 3480.75 1637.6 3685.5 
1637.6 3480.75 1842.3 3685.5 
1842.3 3480.75 2047 3685.5 
0 3685.5 204.7 3890.25 
204.7 3685.5 409.4 3890.25 
409.4 3685.5 614.1 3890.25 
614.1 3685.5 818.8 3890.25 
818.8 3685.5 1023.5 3890.25 
1023.5 3685.5 1228.2 3890.25 
1228.2 3685.5 1432.9 3890.25 
1432.9 3685.5 1637.6 3890.25 
1637.6 3685.5 1842.3 3890.25 
1842.3 3685.5 2047 3890.25 
0 3890.25 204.7 4095 
204.7 3890.25 409.4 4095 
409.4 3890.25 614.1 4095 
614.1 3890.25 818.8 4095 
818.8 3890.25 1023.5 4095 
1023.5 3890.25 1228.2 4095 
1228.2 3890.25 1432.9 4095 
1432.9 3890.25 1637.6 4095 
1637.6 3890.25 1842.3 4095 
1842.3 3890.25 2047 4095 
0 0 204.7 204.75 
204.7 0 409.4 204.75 
409.4 0 614.1 204.75 
614.1 0 818.8 204.75 
818.8 0 1023.5 204.75 
1023.5 0 1228.2 204.75 
1228.2 0 1432.9 204.75 
1432.9 0 1637.6 204.75 
1637.6 0 1842.3 204.75 
1842.3 0 2047 204.75 
0 204.75 204.7 409.5 
204.7 204.75 409.4 409.5 
409.4 204.75 614.1 409.5 
614.1 204.75 818.8 409.5 
818.8 204.75 1023.5 409.5 
1023.5 204.75 1228.2 409.5 
1228.2 204.75 1432.9 409.5 
1432.9 204.75 1637.6 409.5 
1637.6 204.75 1842.3 409.5 
1842.3 204.75 2047 409.5 
0 409.5 204.7 614.25 
204.7 409.5 409.4 614.25 
409.4 409.5 614.1 614.25 
614.1 409.5 818.8 614.25 
818.8 409.5 1023.5 614.25 
1023.5 409.5 1228.2 614.25 
1228.2 409.5 1432.9 614.25 
1432.9 409.5 1637.6 614.25 
1637.6 409.5 1842.3 614.25 
1842.3 409.5 2047 614.25 
0 614.25 204.7 819 
204.7 614.25 409.4 819 
409.4 614.25 614.1 819 
614.1 614.25 818.8 819 
818.8 614.25 1023.5 819 
1023.5 614.25 1228.2 819 
1228.2 614.25 1432.9 819 
1432.9 614.25 1637.6 819 
1637.6 614.25 1842.3 819 
1842.3 614.25 2047 819 
0 819 204.7 1023.75 
204.7 819 409.4 1023.75 
409.4 819 614.1 1023.75 
614.1 819 818.8 1023.75 
818.8 819 1023.5 1023.75 
1023.5 819 1228.2 1023.75 
1228.2 819 1432.9 1023.75 
1432.9 819 1637.6 1023.75 
1637.6 819 1842.3 1023.75 
1842.3 819 2047 1023.75 
0 1023.75 204.7 1228.5 
204.7 1023.75 409.4 1228.5 
409.4 1023.75 614.1 1228.5 
614.1 1023.75 818.8 1228.5 
818.8 1023.75 1023.5 1228.5 
1023.5 1023.75 1228.2 1228.5 
1228.2 1023.75 1432.9 1228.5 
1432.9 1023.75 1637.6 1228.5 
1637.6 1023.75 1842.3 1228.5 
1842.3 1023.75 2047 1228.5 
0 1228.5 204.7 1433.25 
204.7 1228.5 409.4 1433.25 
409.4 1228.5 614.1 1433.25 
614.1 1228.5 818.8 1433.25 
818.8 1228.5 1023.5 1433.25 
1023.5 1228.5 1228.2 1433.25 
1228.2 1228.5 1432.9 1433.25 
1432.9 1228.5 1637.6 1433.25 
1637.6 1228.5 1842.3 1433.25 
1842.3 1228.5 2047 1433.25 
0 1433.25 204.7 1638 
204.7 1433.25 409.4 1638 
409.4 1433.25 614.1 1638 
614.1 1433.25 818.8 1638 
818.8 1433.25 1023.5 1638 
1023.5 1433.25 1228.2 1638 
1228.2 1433.25 1432.9 1638 
1432.9 1433.25 1637.6 1638 
1637.6 1433.25 1842.3 1638 
1842.3 1433.25 2047 1638 
0 1638 204.7 1842.75 
204.7 1638 409.4 1842.75 
409.4 1638 614.1 1842.75 
614.1 1638 818.8 1842.75 
818.8 1638 1023.5 1842.75 
1023.5 1638 1228.2 1842.75 
1228.2 1638 1432.9 1842.75 
1432.9 1638 1637.6 1842.75 
1637.6 1638 1842.3 1842.75 
1842.3 1638 2047 1842.75 
0 1842.75 204.7 2047.5 
204.7 1842.75 409.4 2047.5 
409.4 1842.75 614.1 2047.5 
614.1 1842.75 818.8 2047.5 
818.8 1842.75 1023.5 2047.5 
1023.5 1842.75 1228.2 2047.5 
1228.2 1842.75 1432.9 2047.5 
1432.9 1842.75 1637.6 2047.5 
1637.6 1842.75 1842.3 2047.5 
1842.3 1842.75 2047 2047.5 
0 2047.5 204.7 2252.25 
204.7 2047.5 409.4 2252.25 
409.4 2047.5 614.1 2252.25 
614.1 2047.5 818.8 2252.25 
818.8 2047.5 1023.5 2252.25 
1023.5 2047.5 1228.2 2252.25 
1228.2 2047.5 1432.9 2252.25 
1432.9 2047.5 1637.6 2252.25 
1637.6 2047.5 1842.3 2252.25 
1842.3 2047.5 2047 2252.25 
0 2252.25 204.7 2457 
204.7 2252.25 409.4 2457 
409.4 2252.25 614.1 2457 
614.1 2252.25 818.8 2457 
818.8 2252.25 1023.5 2457 
1023.5 2252.25 1228.2 2457 
1228.2 2252.25 1432.9 2457 
1432.9 2252.25 1637.6 2457 
1637.6 2252.25 1842.3 2457 
1842.3 2252.25 2047 2457 
0 2457 204.7 2661.75 
204.7 2457 409.4 2661.75 
409.4 2457 614.1 2661.75 
614.1 2457 818.8 2661.75 
818.8 2457 1023.5 2661.75 
1023.5 2457 1228.2 2661.75 
1228.2 2457 1432.9 2661.75 
1432.9 2457 1637.6 2661.75 
1637.6 2457 1842.3 2661.75 
1842.3 2457 2047 2661.75 
0 2661.75 204.7 2866.5 
204.7 2661.75 409.4 2866.5 
409.4 2661.75 614.1 2866.5 
614.1 2661.75 818.8 2866.5 
818.8 2661.75 1023.5 2866.5 
1023.5 2661.75 1228.2 2866.5 
1228.2 2661.75 1432.9 2866.5 
1432.9 2661.75 1637.6 2866.5 
1637.6 2661.75 1842.3 2866.5 
1842.3 2661.75 2047 2866.5 
0 2866.5 204.7 3071.25 
204.7 2866.5 409.4 3071.25 
409.4 2866.5 614.1 3071.25 
614.1 2866.5 818.8 3071.25 
818.8 2866.5 1023.5 3071.25 
1023.5 2866.5 1228.2 3071.25 
1228.2 2866.5 1432.9 3071.25 
1432.9 2866.5 1637.6 3071.25 
1637.6 2866.5 1842.3 3071.25 
1842.3 2866.5 2047 3071.25 
0 3071.25 204.7 3276 
204.7 3071.25 409.4 3276 
409.4 3071.25 614.1 3276 
614.1 3071.25 818.8 3276 
818.8 3071.25 1023.5 3276 
1023.5 3071.25 1228.2 3276 
1228.2 3071.25 1432.9 3276 
1432.9 3071.25 1637.6 3276 
1637.6 3071.25 1842.3 3276 
1842.3 3071.25 2047 3276 
0 3276 204.7 3480.75 
204.7 3276 409.4 3480.75 
409.4 3276 614.1 3480.75 
614.1 3276 818.8 3480.75 
818.8 3276 1023.5 3480.75 
1023.5 3276 1228.2 3480.75 
1228.2 3276 1432.9 3480.75 
1432.9 3276 1637.6 3480.75 
1637.6 3276 1842.3 3480.75 
1842.3 3276 2047 3480.75 
0 3480.75 204.7 3685.5 
204.7 3480.75 409.4 3685.5 
409.4 3480.75 614.1 3685.5 
614.1 3480.75 818.8 3685.5 
818.8 3480.75 1023.5 3685.5 
1023.5 3480.75 1228.2 3685.5 
1228.2 3480.75 1432.9 3685.5 
1432.9 3480.75 1637.6 3685.5 
1637.6 3480.75 1842.3 3685.5 
1842.3 3480.75 2047 3685.5 
0 3685.5 204.7 3890.25 
204.7 3685.5 409.4 3890.25 
409.4 3685.5 614.1 3890.25 
614.1 3685.5 818.8 3890.25 
818.8 3685.5 1023.5 3890.25 
1023.5 3685.5 1228.2 3890.25 
1228.2 3685.5 1432.9 3890.25 
1432.9 3685.5 1637.6 3890.25 
1637.6 3685.5 1842.3 3890.25 
1842.3 3685.5 2047 3890.25 
0 3890.25 204.7 4095 
204.7 3890.25 409.4 4095 
409.4 3890.25 614.1 4095 
614.1 3890.25 818.8 4095 
818.8 3890.25 1023.5 4095 
1023.5 3890.25 1228.2 4095 
1228.2 3890.25 1432.9 4095 
1432.9 3890.25 1637.6 4095 
1637.6 3890.25 1842.3 4095 
1842.3 3890.25 2047 4095 
0 0 204.7 204.75 
204.7 0 409.4 204.75 
409.4 0 614.1 204.75 
614.1 0 818.8 204.75 
818.8 0 1023.5 204.75 
1023.5 0 1228.2 204.75 
1228.2 0 1432.9 204.75 
1432.9 0 1637.6 204.75 
1637.6 0 1842.3 204.75 
1842.3 0 2047 204.75 
0 204.75 204.7 409.5 
204.7 204.75 409.4 409.5 
409.4 204.75 614.1 409.5 
614.1 204.75 818.8 409.5 
818.8 204.75 1023.5 409.5 
1023.5 204.75 1228.2 409.5 
1228.2 204.75 1432.9 409.5 
1432.9 204.75 1637.6 409.5 
1637.6 204.75 1842.3 409.5 
1842.3 204.75 2047 409.5 
0 409.5 204.7 614.25 
204.7 409.5 409.4 614.25 
409.4 409.5 614.1 614.25 
614.1 409.5 818.8 614.25 
818.8 409.5 1023.5 614.25 
1023.5 409.5 1228.2 614.25 
1228.2 409.5 1432.9 614.25 
1432.9 409.5 1637.6 614.25 
1637.6 409.5 1842.3 614.25 
1842.3 409.5 2047 614.25 
0 614.25 204.7 819 
204.7 614.25 409.4 819 
409.4 614.25 614.1 819 
614.1 614.25 818.8 819 
818.8 614.25 1023.5 819 
1023.5 614.25 1228.2 819 
1228.2 614.25 1432.9 819 
1432.9 614.25 1637.6 819 
1637.6 614.25 1842.3 819 
1842.3 614.25 2047 819 
0 819 204.7 1023.75 
204.7 819 409.4 1023.75 
409.4 819 614.1 1023.75 
614.1 819 818.8 1023.75 
818.8 819 1023.5 1023.75 
1023.5 819 1228.2 1023.75 
1228.2 819 1432.9 1023.75 
1432.9 819 1637.6 1023.75 
1637.6 819 1842.3 1023.75 
1842.3 819 2047 1023.75 
0 1023.75 204.7 1228.5 
204.7 1023.75 409.4 1228.5 
409.4 1023.75 614.1 1228.5 
614.1 1023.75 818.8 1228.5 
818.8 1023.75 1023.5 1228.5 
1023.5 1023.75 1228.2 1228.5 
1228.2 1023.75 1432.9 1228.5 
1432.9 1023.75 1637.6 1228.5 
1637.6 1023.75 1842.3 1228.5 
1842.3 1023.75 2047 1228.5 
0 1228.5 204.7 1433.25 
204.7 1228.5 409.4 1433.25 
409.4 1228.5 614.1 1433.25 
614.1 1228.5 818.8 1433.25 
818.8 1228.5 1023.5 1433.25 
1023.5 1228.5 1228.2 1433.25 
1228.2 1228.5 1432.9 1433.25 
1432.9 1228.5 1637.6 1433.25 
1637.6 1228.5 1842.3 1433.25 
1842.3 1228.5 2047 1433.25 
0 1433.25 204.7 1638 
204.7 1433.25 409.4 1638 
409.4 1433.25 614.1 1638 
614.1 1433.25 818.8 1638 
818.8 1433.25 1023.5 1638 
1023.5 1433.25 1228.2 1638 
1228.2 1433.25 1432.9 1638 
1432.9 1433.25 1637.6 1638 
1637.6 1433.25 1842.3 1638 
1842.3 1433.25 2047 1638 
0 1638 204.7 1842.75 
204.7 1638 409.4 1842.75 
409.4 1638 614.1 1842.75 
614.1 1638 818.8 1842.75 
818.8 1638 1023.5 1842.75 
1023.5 1638 1228.2 1842.75 
1228.2 1638 1432.9 1842.75 
1432.9 1638 1637.6 1842.75 
1637.6 1638 1842.3 1842.75 
1842.3 1638 2047 1842.75 
0 1842.75 204.7 2047.5 
204.7 1842.75 409.4 2047.5 
409.4 1842.75 614.1 2047.5 
614.1 1842.75 818.8 2047.5 
818.8 1842.75 1023.5 2047.5 
1023.5 1842.75 1228.2 2047.5 
1228.2 1842.75 1432.9 2047.5 
1432.9 1842.75 1637.6 2047.5 
1637.6 1842.75 1842.3 2047.5 
1842.3 1842.75 2047 2047.5 
0 2047.5 204.7 2252.25 
204.7 2047.5 409.4 2252.25 
409.4 2047.5 614.1 2252.25 
614.1 2047.5 818.8 2252.25 
818.8 2047.5 1023.5 2252.25 
1023.5 2047.5 1228.2 2252.25 
1228.2 2047.5 1432.9 2252.25 
1432.9 2047.5 1637.6 2252.25 
1637.6 2047.5 1842.3 2252.25 
1842.3 2047.5 2047 2252.25 
0 2252.25 204.7 2457 
204.7 2252.25 409.4 2457 
409.4 2252.25 614.1 2457 
614.1 2252.25 818.8 2457 
818.8 2252.25 1023.5 2457 
1023.5 2252.25 1228.2 2457 
1228.2 2252.25 1432.9 2457 
1432.9 2252.25 1637.6 2457 
1637.6 2252.25 1842.3 2457 
1842.3 2252.25 2047 2457 
0 2457 204.7 2661.75 
204.7 2457 409.4 2661.75 
409.4 2457 614.1 2661.75 
614.1 2457 818.8 2661.75 
818.8 2457 1023.5 2661.75 
1023.5 2457 1228.2 2661.75 
1228.2 2457 1432.9 2661.75 
1432.9 2457 1637.6 2661.75 
1637.6 2457 1842.3 2661.75 
1842.3 2457 2047 2661.75 
0 2661.75 204.7 2866.5 
204.7 2661.75 409.4 2866.5 
409.4 2661.75 614.1 2866.5 
614.1 2661.75 818.8 2866.5 
818.8 2661.75 1023.5 2866.5 
1023.5 2661.75 1228.2 2866.5 
1228.2 2661.75 1432.9 2866.5 
1432.9 2661.75 1637.6 2866.5 
1637.6 2661.75 1842.3 2866.5 
1842.3 2661.75 2047 2866.5 
0 2866.5 204.7 3071.25 
204.7 2866.5 409.4 3071.25 
409.4 2866.5 614.1 3071.25 
614.1 2866.5 818.8 3071.25 
818.8 2866.5 1023.5 3071.25 
1023.5 2866.5 1228.2 3071.25 
1228.2 2866.5 1432.9 3071.25 
1432.9 2866.5 1637.6 3071.25 
1637.6 2866.5 1842.3 3071.25 
1842.3 2866.5 2047 3071.25 
0 3071.25 204.7 3276 
204.7 3071.25 409.4 3276 
409.4 3071.25 614.1 3276 
614.1 3071.25 818.8 3276 
818.8 3071.25 1023.5 3276 
1023.5 3071.25 1228.2 3276 
1228.2 3071.25 1432.9 3276 
1432.9 3071.25 1637.6 3276 
1637.6 3071.25 1842.3 3276 
1842.3 3071.25 2047 3276 
0 3276 204.7 3480.75 
204.7 3276 409.4 3480.75 
409.4 3276 614.1 3480.75 
614.1 3276 818.8 3480.75 
818.8 3276 1023.5 3480.75 
1023.5 3276 1228.2 3480.75 
1228.2 3276 1432.9 3480.75 
1432.9 3276 1637.6 3480.75 
1637.6 3276 1842.3 3480.75 
1842.3 3276 2047 3480.75 
0 3480.75 204.7 3685.5 
204.7 3480.75 409.4 3685.5 
409.4 3480.75 614.1 3685.5 
614.1 3480.75 818.8 3685.5 
818.8 3480.75 1023.5 3685.5 
1023.5 3480.75 1228.2 3685.5 
1228.2 3480.75 1432.9 3685.5 
1432.9 3480.75 1637.6 3685.5 
1637.6 3480.75 1842.3 3685.5 
1842.3 3480.75 2047 3685.5 
0 3685.5 204.7 3890.25 
204.7 3685.5 409.4 3890.25 
409.4 3685.5 614.1 3890.25 
614.1 3685.5 818.8 3890.25 
818.8 3685.5 1023.5 3890.25 
1023.5 3685.5 1228.2 3890.25 
1228.2 3685.5 1432.9 3890.25 
1432.9 3685.5 1637.6 3890.25 
1637.6 3685.5 1842.3 3890.25 
1842.3 3685.5 2047 3890.25 
0 3890.25 204.7 4095 
204.7 3890.25 409.4 4095 
409.4 3890.25 614.1 4095 
614.1 3890.25 818.8 4095 
818.8 3890.25 1023.5 4095 
1023.5 3890.25 1228.2 4095 
1228.2 3890.25 1432.9 4095 
1432.9 3890.25 1637.6 4095 
1637.6 3890.25 1842.3 4095 
1842.3 3890.25 2047 4095 
