       0.0000      0.0000    204.7000    204.7500
     204.7000      0.0000    409.4000    204.7500
     409.4000      0.0000    614.1000    204.7500
     614.1000      0.0000    818.8000    204.7500
     818.8000      0.0000   1023.5000    204.7500
    1023.5000      0.0000   1228.2000    204.7500
    1228.2000      0.0000   1432.9000    204.7500
    1432.9000      0.0000   1637.6000    204.7500
    1637.6000      0.0000   1842.3000    204.7500
    1842.3000      0.0000   2047.0000    204.7500
       0.0000    204.7500    204.7000    409.5000
     204.7000    204.7500    409.4000    409.5000
     409.4000    204.7500    614.1000    409.5000
     614.1000    204.7500    818.8000    409.5000
     818.8000    204.7500   1023.5000    409.5000
    1023.5000    204.7500   1228.2000    409.5000
    1228.2000    204.7500   1432.9000    409.5000
    1432.9000    204.7500   1637.6000    409.5000
    1637.6000    204.7500   1842.3000    409.5000
    1842.3000    204.7500   2047.0000    409.5000
       0.0000    409.5000    204.7000    614.2500
     204.7000    409.5000    409.4000    614.2500
     409.4000    409.5000    614.1000    614.2500
     614.1000    409.5000    818.8000    614.2500
     818.8000    409.5000   1023.5000    614.2500
    1023.5000    409.5000   1228.2000    614.2500
    1228.2000    409.5000   1432.9000    614.2500
    1432.9000    409.5000   1637.6000    614.2500
    1637.6000    409.5000   1842.3000    614.2500
    1842.3000    409.5000   2047.0000    614.2500
       0.0000    614.2500    204.7000    819.0000
     204.7000    614.2500    409.4000    819.0000
     409.4000    614.2500    614.1000    819.0000
     614.1000    614.2500    818.8000    819.0000
     818.8000    614.2500   1023.5000    819.0000
    1023.5000    614.2500   1228.2000    819.0000
    1228.2000    614.2500   1432.9000    819.0000
    1432.9000    614.2500   1637.6000    819.0000
    1637.6000    614.2500   1842.3000    819.0000
    1842.3000    614.2500   2047.0000    819.0000
       0.0000    819.0000    204.7000   1023.7500
     204.7000    819.0000    409.4000   1023.7500
     409.4000    819.0000    614.1000   1023.7500
     614.1000    819.0000    818.8000   1023.7500
     818.8000    819.0000   1023.5000   1023.7500
    1023.5000    819.0000   1228.2000   1023.7500
    1228.2000    819.0000   1432.9000   1023.7500
    1432.9000    819.0000   1637.6000   1023.7500
    1637.6000    819.0000   1842.3000   1023.7500
    1842.3000    819.0000   2047.0000   1023.7500
       0.0000   1023.7500    204.7000   1228.5000
     204.7000   1023.7500    409.4000   1228.5000
     409.4000   1023.7500    614.1000   1228.5000
     614.1000   1023.7500    818.8000   1228.5000
     818.8000   1023.7500   1023.5000   1228.5000
    1023.5000   1023.7500   1228.2000   1228.5000
    1228.2000   1023.7500   1432.9000   1228.5000
    1432.9000   1023.7500   1637.6000   1228.5000
    1637.6000   1023.7500   1842.3000   1228.5000
    1842.3000   1023.7500   2047.0000   1228.5000
       0.0000   1228.5000    204.7000   1433.2500
     204.7000   1228.5000    409.4000   1433.2500
     409.4000   1228.5000    614.1000   1433.2500
     614.1000   1228.5000    818.8000   1433.2500
     818.8000   1228.5000   1023.5000   1433.2500
    1023.5000   1228.5000   1228.2000   1433.2500
    1228.2000   1228.5000   1432.9000   1433.2500
    1432.9000   1228.5000   1637.6000   1433.2500
    1637.6000   1228.5000   1842.3000   1433.2500
    1842.3000   1228.5000   2047.0000   1433.2500
       0.0000   1433.2500    204.7000   1638.0000
     204.7000   1433.2500    409.4000   1638.0000
     409.4000   1433.2500    614.1000   1638.0000
     614.1000   1433.2500    818.8000   1638.0000
     818.8000   1433.2500   1023.5000   1638.0000
    1023.5000   1433.2500   1228.2000   1638.0000
    1228.2000   1433.2500   1432.9000   1638.0000
    1432.9000   1433.2500   1637.6000   1638.0000
    1637.6000   1433.2500   1842.3000   1638.0000
    1842.3000   1433.2500   2047.0000   1638.0000
       0.0000   1638.0000    204.7000   1842.7500
     204.7000   1638.0000    409.4000   1842.7500
     409.4000   1638.0000    614.1000   1842.7500
     614.1000   1638.0000    818.8000   1842.7500
     818.8000   1638.0000   1023.5000   1842.7500
    1023.5000   1638.0000   1228.2000   1842.7500
    1228.2000   1638.0000   1432.9000   1842.7500
    1432.9000   1638.0000   1637.6000   1842.7500
    1637.6000   1638.0000   1842.3000   1842.7500
    1842.3000   1638.0000   2047.0000   1842.7500
       0.0000   1842.7500    204.7000   2047.5000
     204.7000   1842.7500    409.4000   2047.5000
     409.4000   1842.7500    614.1000   2047.5000
     614.1000   1842.7500    818.8000   2047.5000
     818.8000   1842.7500   1023.5000   2047.5000
    1023.5000   1842.7500   1228.2000   2047.5000
    1228.2000   1842.7500   1432.9000   2047.5000
    1432.9000   1842.7500   1637.6000   2047.5000
    1637.6000   1842.7500   1842.3000   2047.5000
    1842.3000   1842.7500   2047.0000   2047.5000
       0.0000   2047.5000    204.7000   2252.2500
     204.7000   2047.5000    409.4000   2252.2500
     409.4000   2047.5000    614.1000   2252.2500
     614.1000   2047.5000    818.8000   2252.2500
     818.8000   2047.5000   1023.5000   2252.2500
    1023.5000   2047.5000   1228.2000   2252.2500
    1228.2000   2047.5000   1432.9000   2252.2500
    1432.9000   2047.5000   1637.6000   2252.2500
    1637.6000   2047.5000   1842.3000   2252.2500
    1842.3000   2047.5000   2047.0000   2252.2500
       0.0000   2252.2500    204.7000   2457.0000
     204.7000   2252.2500    409.4000   2457.0000
     409.4000   2252.2500    614.1000   2457.0000
     614.1000   2252.2500    818.8000   2457.0000
     818.8000   2252.2500   1023.5000   2457.0000
    1023.5000   2252.2500   1228.2000   2457.0000
    1228.2000   2252.2500   1432.9000   2457.0000
    1432.9000   2252.2500   1637.6000   2457.0000
    1637.6000   2252.2500   1842.3000   2457.0000
    1842.3000   2252.2500   2047.0000   2457.0000
       0.0000   2457.0000    204.7000   2661.7500
     204.7000   2457.0000    409.4000   2661.7500
     409.4000   2457.0000    614.1000   2661.7500
     614.1000   2457.0000    818.8000   2661.7500
     818.8000   2457.0000   1023.5000   2661.7500
    1023.5000   2457.0000   1228.2000   2661.7500
    1228.2000   2457.0000   1432.9000   2661.7500
    1432.9000   2457.0000   1637.6000   2661.7500
    1637.6000   2457.0000   1842.3000   2661.7500
    1842.3000   2457.0000   2047.0000   2661.7500
       0.0000   2661.7500    204.7000   2866.5000
     204.7000   2661.7500    409.4000   2866.5000
     409.4000   2661.7500    614.1000   2866.5000
     614.1000   2661.7500    818.8000   2866.5000
     818.8000   2661.7500   1023.5000   2866.5000
    1023.5000   2661.7500   1228.2000   2866.5000
    1228.2000   2661.7500   1432.9000   2866.5000
    1432.9000   2661.7500   1637.6000   2866.5000
    1637.6000   2661.7500   1842.3000   2866.5000
    1842.3000   2661.7500   2047.0000   2866.5000
       0.0000   2866.5000    204.7000   3071.2500
     204.7000   2866.5000    409.4000   3071.2500
     409.4000   2866.5000    614.1000   3071.2500
     614.1000   2866.5000    818.8000   3071.2500
     818.8000   2866.5000   1023.5000   3071.2500
    1023.5000   2866.5000   1228.2000   3071.2500
    1228.2000   2866.5000   1432.9000   3071.2500
    1432.9000   2866.5000   1637.6000   3071.2500
    1637.6000   2866.5000   1842.3000   3071.2500
    1842.3000   2866.5000   2047.0000   3071.2500
       0.0000   3071.2500    204.7000   3276.0000
     204.7000   3071.2500    409.4000   3276.0000
     409.4000   3071.2500    614.1000   3276.0000
     614.1000   3071.2500    818.8000   3276.0000
     818.8000   3071.2500   1023.5000   3276.0000
    1023.5000   3071.2500   1228.2000   3276.0000
    1228.2000   3071.2500   1432.9000   3276.0000
    1432.9000   3071.2500   1637.6000   3276.0000
    1637.6000   3071.2500   1842.3000   3276.0000
    1842.3000   3071.2500   2047.0000   3276.0000
       0.0000   3276.0000    204.7000   3480.7500
     204.7000   3276.0000    409.4000   3480.7500
     409.4000   3276.0000    614.1000   3480.7500
     614.1000   3276.0000    818.8000   3480.7500
     818.8000   3276.0000   1023.5000   3480.7500
    1023.5000   3276.0000   1228.2000   3480.7500
    1228.2000   3276.0000   1432.9000   3480.7500
    1432.9000   3276.0000   1637.6000   3480.7500
    1637.6000   3276.0000   1842.3000   3480.7500
    1842.3000   3276.0000   2047.0000   3480.7500
       0.0000   3480.7500    204.7000   3685.5000
     204.7000   3480.7500    409.4000   3685.5000
     409.4000   3480.7500    614.1000   3685.5000
     614.1000   3480.7500    818.8000   3685.5000
     818.8000   3480.7500   1023.5000   3685.5000
    1023.5000   3480.7500   1228.2000   3685.5000
    1228.2000   3480.7500   1432.9000   3685.5000
    1432.9000   3480.7500   1637.6000   3685.5000
    1637.6000   3480.7500   1842.3000   3685.5000
    1842.3000   3480.7500   2047.0000   3685.5000
       0.0000   3685.5000    204.7000   3890.2500
     204.7000   3685.5000    409.4000   3890.2500
     409.4000   3685.5000    614.1000   3890.2500
     614.1000   3685.5000    818.8000   3890.2500
     818.8000   3685.5000   1023.5000   3890.2500
    1023.5000   3685.5000   1228.2000   3890.2500
    1228.2000   3685.5000   1432.9000   3890.2500
    1432.9000   3685.5000   1637.6000   3890.2500
    1637.6000   3685.5000   1842.3000   3890.2500
    1842.3000   3685.5000   2047.0000   3890.2500
       0.0000   3890.2500    204.7000   4095.0000
     204.7000   3890.2500    409.4000   4095.0000
     409.4000   3890.2500    614.1000   4095.0000
     614.1000   3890.2500    818.8000   4095.0000
     818.8000   3890.2500   1023.5000   4095.0000
    1023.5000   3890.2500   1228.2000   4095.0000
    1228.2000   3890.2500   1432.9000   4095.0000
    1432.9000   3890.2500   1637.6000   4095.0000
    1637.6000   3890.2500   1842.3000   4095.0000
    1842.3000   3890.2500   2047.0000   4095.0000
    2148.0000      0.0000   2352.7000    204.7500
    2352.7000      0.0000   2557.4000    204.7500
    2557.4000      0.0000   2762.1000    204.7500
    2762.1000      0.0000   2966.8000    204.7500
    2966.8000      0.0000   3171.5000    204.7500
    3171.5000      0.0000   3376.2000    204.7500
    3376.2000      0.0000   3580.9000    204.7500
    3580.9000      0.0000   3785.6000    204.7500
    3785.6000      0.0000   3990.3000    204.7500
    3990.3000      0.0000   4195.0000    204.7500
    2148.0000    204.7500   2352.7000    409.5000
    2352.7000    204.7500   2557.4000    409.5000
    2557.4000    204.7500   2762.1000    409.5000
    2762.1000    204.7500   2966.8000    409.5000
    2966.8000    204.7500   3171.5000    409.5000
    3171.5000    204.7500   3376.2000    409.5000
    3376.2000    204.7500   3580.9000    409.5000
    3580.9000    204.7500   3785.6000    409.5000
    3785.6000    204.7500   3990.3000    409.5000
    3990.3000    204.7500   4195.0000    409.5000
    2148.0000    409.5000   2352.7000    614.2500
    2352.7000    409.5000   2557.4000    614.2500
    2557.4000    409.5000   2762.1000    614.2500
    2762.1000    409.5000   2966.8000    614.2500
    2966.8000    409.5000   3171.5000    614.2500
    3171.5000    409.5000   3376.2000    614.2500
    3376.2000    409.5000   3580.9000    614.2500
    3580.9000    409.5000   3785.6000    614.2500
    3785.6000    409.5000   3990.3000    614.2500
    3990.3000    409.5000   4195.0000    614.2500
    2148.0000    614.2500   2352.7000    819.0000
    2352.7000    614.2500   2557.4000    819.0000
    2557.4000    614.2500   2762.1000    819.0000
    2762.1000    614.2500   2966.8000    819.0000
    2966.8000    614.2500   3171.5000    819.0000
    3171.5000    614.2500   3376.2000    819.0000
    3376.2000    614.2500   3580.9000    819.0000
    3580.9000    614.2500   3785.6000    819.0000
    3785.6000    614.2500   3990.3000    819.0000
    3990.3000    614.2500   4195.0000    819.0000
    2148.0000    819.0000   2352.7000   1023.7500
    2352.7000    819.0000   2557.4000   1023.7500
    2557.4000    819.0000   2762.1000   1023.7500
    2762.1000    819.0000   2966.8000   1023.7500
    2966.8000    819.0000   3171.5000   1023.7500
    3171.5000    819.0000   3376.2000   1023.7500
    3376.2000    819.0000   3580.9000   1023.7500
    3580.9000    819.0000   3785.6000   1023.7500
    3785.6000    819.0000   3990.3000   1023.7500
    3990.3000    819.0000   4195.0000   1023.7500
    2148.0000   1023.7500   2352.7000   1228.5000
    2352.7000   1023.7500   2557.4000   1228.5000
    2557.4000   1023.7500   2762.1000   1228.5000
    2762.1000   1023.7500   2966.8000   1228.5000
    2966.8000   1023.7500   3171.5000   1228.5000
    3171.5000   1023.7500   3376.2000   1228.5000
    3376.2000   1023.7500   3580.9000   1228.5000
    3580.9000   1023.7500   3785.6000   1228.5000
    3785.6000   1023.7500   3990.3000   1228.5000
    3990.3000   1023.7500   4195.0000   1228.5000
    2148.0000   1228.5000   2352.7000   1433.2500
    2352.7000   1228.5000   2557.4000   1433.2500
    2557.4000   1228.5000   2762.1000   1433.2500
    2762.1000   1228.5000   2966.8000   1433.2500
    2966.8000   1228.5000   3171.5000   1433.2500
    3171.5000   1228.5000   3376.2000   1433.2500
    3376.2000   1228.5000   3580.9000   1433.2500
    3580.9000   1228.5000   3785.6000   1433.2500
    3785.6000   1228.5000   3990.3000   1433.2500
    3990.3000   1228.5000   4195.0000   1433.2500
    2148.0000   1433.2500   2352.7000   1638.0000
    2352.7000   1433.2500   2557.4000   1638.0000
    2557.4000   1433.2500   2762.1000   1638.0000
    2762.1000   1433.2500   2966.8000   1638.0000
    2966.8000   1433.2500   3171.5000   1638.0000
    3171.5000   1433.2500   3376.2000   1638.0000
    3376.2000   1433.2500   3580.9000   1638.0000
    3580.9000   1433.2500   3785.6000   1638.0000
    3785.6000   1433.2500   3990.3000   1638.0000
    3990.3000   1433.2500   4195.0000   1638.0000
    2148.0000   1638.0000   2352.7000   1842.7500
    2352.7000   1638.0000   2557.4000   1842.7500
    2557.4000   1638.0000   2762.1000   1842.7500
    2762.1000   1638.0000   2966.8000   1842.7500
    2966.8000   1638.0000   3171.5000   1842.7500
    3171.5000   1638.0000   3376.2000   1842.7500
    3376.2000   1638.0000   3580.9000   1842.7500
    3580.9000   1638.0000   3785.6000   1842.7500
    3785.6000   1638.0000   3990.3000   1842.7500
    3990.3000   1638.0000   4195.0000   1842.7500
    2148.0000   1842.7500   2352.7000   2047.5000
    2352.7000   1842.7500   2557.4000   2047.5000
    2557.4000   1842.7500   2762.1000   2047.5000
    2762.1000   1842.7500   2966.8000   2047.5000
    2966.8000   1842.7500   3171.5000   2047.5000
    3171.5000   1842.7500   3376.2000   2047.5000
    3376.2000   1842.7500   3580.9000   2047.5000
    3580.9000   1842.7500   3785.6000   2047.5000
    3785.6000   1842.7500   3990.3000   2047.5000
    3990.3000   1842.7500   4195.0000   2047.5000
    2148.0000   2047.5000   2352.7000   2252.2500
    2352.7000   2047.5000   2557.4000   2252.2500
    2557.4000   2047.5000   2762.1000   2252.2500
    2762.1000   2047.5000   2966.8000   2252.2500
    2966.8000   2047.5000   3171.5000   2252.2500
    3171.5000   2047.5000   3376.2000   2252.2500
    3376.2000   2047.5000   3580.9000   2252.2500
    3580.9000   2047.5000   3785.6000   2252.2500
    3785.6000   2047.5000   3990.3000   2252.2500
    3990.3000   2047.5000   4195.0000   2252.2500
    2148.0000   2252.2500   2352.7000   2457.0000
    2352.7000   2252.2500   2557.4000   2457.0000
    2557.4000   2252.2500   2762.1000   2457.0000
    2762.1000   2252.2500   2966.8000   2457.0000
    2966.8000   2252.2500   3171.5000   2457.0000
    3171.5000   2252.2500   3376.2000   2457.0000
    3376.2000   2252.2500   3580.9000   2457.0000
    3580.9000   2252.2500   3785.6000   2457.0000
    3785.6000   2252.2500   3990.3000   2457.0000
    3990.3000   2252.2500   4195.0000   2457.0000
    2148.0000   2457.0000   2352.7000   2661.7500
    2352.7000   2457.0000   2557.4000   2661.7500
    2557.4000   2457.0000   2762.1000   2661.7500
    2762.1000   2457.0000   2966.8000   2661.7500
    2966.8000   2457.0000   3171.5000   2661.7500
    3171.5000   2457.0000   3376.2000   2661.7500
    3376.2000   2457.0000   3580.9000   2661.7500
    3580.9000   2457.0000   3785.6000   2661.7500
    3785.6000   2457.0000   3990.3000   2661.7500
    3990.3000   2457.0000   4195.0000   2661.7500
    2148.0000   2661.7500   2352.7000   2866.5000
    2352.7000   2661.7500   2557.4000   2866.5000
    2557.4000   2661.7500   2762.1000   2866.5000
    2762.1000   2661.7500   2966.8000   2866.5000
    2966.8000   2661.7500   3171.5000   2866.5000
    3171.5000   2661.7500   3376.2000   2866.5000
    3376.2000   2661.7500   3580.9000   2866.5000
    3580.9000   2661.7500   3785.6000   2866.5000
    3785.6000   2661.7500   3990.3000   2866.5000
    3990.3000   2661.7500   4195.0000   2866.5000
    2148.0000   2866.5000   2352.7000   3071.2500
    2352.7000   2866.5000   2557.4000   3071.2500
    2557.4000   2866.5000   2762.1000   3071.2500
    2762.1000   2866.5000   2966.8000   3071.2500
    2966.8000   2866.5000   3171.5000   3071.2500
    3171.5000   2866.5000   3376.2000   3071.2500
    3376.2000   2866.5000   3580.9000   3071.2500
    3580.9000   2866.5000   3785.6000   3071.2500
    3785.6000   2866.5000   3990.3000   3071.2500
    3990.3000   2866.5000   4195.0000   3071.2500
    2148.0000   3071.2500   2352.7000   3276.0000
    2352.7000   3071.2500   2557.4000   3276.0000
    2557.4000   3071.2500   2762.1000   3276.0000
    2762.1000   3071.2500   2966.8000   3276.0000
    2966.8000   3071.2500   3171.5000   3276.0000
    3171.5000   3071.2500   3376.2000   3276.0000
    3376.2000   3071.2500   3580.9000   3276.0000
    3580.9000   3071.2500   3785.6000   3276.0000
    3785.6000   3071.2500   3990.3000   3276.0000
    3990.3000   3071.2500   4195.0000   3276.0000
    2148.0000   3276.0000   2352.7000   3480.7500
    2352.7000   3276.0000   2557.4000   3480.7500
    2557.4000   3276.0000   2762.1000   3480.7500
    2762.1000   3276.0000   2966.8000   3480.7500
    2966.8000   3276.0000   3171.5000   3480.7500
    3171.5000   3276.0000   3376.2000   3480.7500
    3376.2000   3276.0000   3580.9000   3480.7500
    3580.9000   3276.0000   3785.6000   3480.7500
    3785.6000   3276.0000   3990.3000   3480.7500
    3990.3000   3276.0000   4195.0000   3480.7500
    2148.0000   3480.7500   2352.7000   3685.5000
    2352.7000   3480.7500   2557.4000   3685.5000
    2557.4000   3480.7500   2762.1000   3685.5000
    2762.1000   3480.7500   2966.8000   3685.5000
    2966.8000   3480.7500   3171.5000   3685.5000
    3171.5000   3480.7500   3376.2000   3685.5000
    3376.2000   3480.7500   3580.9000   3685.5000
    3580.9000   3480.7500   3785.6000   3685.5000
    3785.6000   3480.7500   3990.3000   3685.5000
    3990.3000   3480.7500   4195.0000   3685.5000
    2148.0000   3685.5000   2352.7000   3890.2500
    2352.7000   3685.5000   2557.4000   3890.2500
    2557.4000   3685.5000   2762.1000   3890.2500
    2762.1000   3685.5000   2966.8000   3890.2500
    2966.8000   3685.5000   3171.5000   3890.2500
    3171.5000   3685.5000   3376.2000   3890.2500
    3376.2000   3685.5000   3580.9000   3890.2500
    3580.9000   3685.5000   3785.6000   3890.2500
    3785.6000   3685.5000   3990.3000   3890.2500
    3990.3000   3685.5000   4195.0000   3890.2500
    2148.0000   3890.2500   2352.7000   4095.0000
    2352.7000   3890.2500   2557.4000   4095.0000
    2557.4000   3890.2500   2762.1000   4095.0000
    2762.1000   3890.2500   2966.8000   4095.0000
    2966.8000   3890.2500   3171.5000   4095.0000
    3171.5000   3890.2500   3376.2000   4095.0000
    3376.2000   3890.2500   3580.9000   4095.0000
    3580.9000   3890.2500   3785.6000   4095.0000
    3785.6000   3890.2500   3990.3000   4095.0000
    3990.3000   3890.2500   4195.0000   4095.0000
    4296.0000      0.0000   4500.7000    204.7500
    4500.7000      0.0000   4705.4000    204.7500
    4705.4000      0.0000   4910.1000    204.7500
    4910.1000      0.0000   5114.8000    204.7500
    5114.8000      0.0000   5319.5000    204.7500
    5319.5000      0.0000   5524.2000    204.7500
    5524.2000      0.0000   5728.9000    204.7500
    5728.9000      0.0000   5933.6000    204.7500
    5933.6000      0.0000   6138.3000    204.7500
    6138.3000      0.0000   6343.0000    204.7500
    4296.0000    204.7500   4500.7000    409.5000
    4500.7000    204.7500   4705.4000    409.5000
    4705.4000    204.7500   4910.1000    409.5000
    4910.1000    204.7500   5114.8000    409.5000
    5114.8000    204.7500   5319.5000    409.5000
    5319.5000    204.7500   5524.2000    409.5000
    5524.2000    204.7500   5728.9000    409.5000
    5728.9000    204.7500   5933.6000    409.5000
    5933.6000    204.7500   6138.3000    409.5000
    6138.3000    204.7500   6343.0000    409.5000
    4296.0000    409.5000   4500.7000    614.2500
    4500.7000    409.5000   4705.4000    614.2500
    4705.4000    409.5000   4910.1000    614.2500
    4910.1000    409.5000   5114.8000    614.2500
    5114.8000    409.5000   5319.5000    614.2500
    5319.5000    409.5000   5524.2000    614.2500
    5524.2000    409.5000   5728.9000    614.2500
    5728.9000    409.5000   5933.6000    614.2500
    5933.6000    409.5000   6138.3000    614.2500
    6138.3000    409.5000   6343.0000    614.2500
    4296.0000    614.2500   4500.7000    819.0000
    4500.7000    614.2500   4705.4000    819.0000
    4705.4000    614.2500   4910.1000    819.0000
    4910.1000    614.2500   5114.8000    819.0000
    5114.8000    614.2500   5319.5000    819.0000
    5319.5000    614.2500   5524.2000    819.0000
    5524.2000    614.2500   5728.9000    819.0000
    5728.9000    614.2500   5933.6000    819.0000
    5933.6000    614.2500   6138.3000    819.0000
    6138.3000    614.2500   6343.0000    819.0000
    4296.0000    819.0000   4500.7000   1023.7500
    4500.7000    819.0000   4705.4000   1023.7500
    4705.4000    819.0000   4910.1000   1023.7500
    4910.1000    819.0000   5114.8000   1023.7500
    5114.8000    819.0000   5319.5000   1023.7500
    5319.5000    819.0000   5524.2000   1023.7500
    5524.2000    819.0000   5728.9000   1023.7500
    5728.9000    819.0000   5933.6000   1023.7500
    5933.6000    819.0000   6138.3000   1023.7500
    6138.3000    819.0000   6343.0000   1023.7500
    4296.0000   1023.7500   4500.7000   1228.5000
    4500.7000   1023.7500   4705.4000   1228.5000
    4705.4000   1023.7500   4910.1000   1228.5000
    4910.1000   1023.7500   5114.8000   1228.5000
    5114.8000   1023.7500   5319.5000   1228.5000
    5319.5000   1023.7500   5524.2000   1228.5000
    5524.2000   1023.7500   5728.9000   1228.5000
    5728.9000   1023.7500   5933.6000   1228.5000
    5933.6000   1023.7500   6138.3000   1228.5000
    6138.3000   1023.7500   6343.0000   1228.5000
    4296.0000   1228.5000   4500.7000   1433.2500
    4500.7000   1228.5000   4705.4000   1433.2500
    4705.4000   1228.5000   4910.1000   1433.2500
    4910.1000   1228.5000   5114.8000   1433.2500
    5114.8000   1228.5000   5319.5000   1433.2500
    5319.5000   1228.5000   5524.2000   1433.2500
    5524.2000   1228.5000   5728.9000   1433.2500
    5728.9000   1228.5000   5933.6000   1433.2500
    5933.6000   1228.5000   6138.3000   1433.2500
    6138.3000   1228.5000   6343.0000   1433.2500
    4296.0000   1433.2500   4500.7000   1638.0000
    4500.7000   1433.2500   4705.4000   1638.0000
    4705.4000   1433.2500   4910.1000   1638.0000
    4910.1000   1433.2500   5114.8000   1638.0000
    5114.8000   1433.2500   5319.5000   1638.0000
    5319.5000   1433.2500   5524.2000   1638.0000
    5524.2000   1433.2500   5728.9000   1638.0000
    5728.9000   1433.2500   5933.6000   1638.0000
    5933.6000   1433.2500   6138.3000   1638.0000
    6138.3000   1433.2500   6343.0000   1638.0000
    4296.0000   1638.0000   4500.7000   1842.7500
    4500.7000   1638.0000   4705.4000   1842.7500
    4705.4000   1638.0000   4910.1000   1842.7500
    4910.1000   1638.0000   5114.8000   1842.7500
    5114.8000   1638.0000   5319.5000   1842.7500
    5319.5000   1638.0000   5524.2000   1842.7500
    5524.2000   1638.0000   5728.9000   1842.7500
    5728.9000   1638.0000   5933.6000   1842.7500
    5933.6000   1638.0000   6138.3000   1842.7500
    6138.3000   1638.0000   6343.0000   1842.7500
    4296.0000   1842.7500   4500.7000   2047.5000
    4500.7000   1842.7500   4705.4000   2047.5000
    4705.4000   1842.7500   4910.1000   2047.5000
    4910.1000   1842.7500   5114.8000   2047.5000
    5114.8000   1842.7500   5319.5000   2047.5000
    5319.5000   1842.7500   5524.2000   2047.5000
    5524.2000   1842.7500   5728.9000   2047.5000
    5728.9000   1842.7500   5933.6000   2047.5000
    5933.6000   1842.7500   6138.3000   2047.5000
    6138.3000   1842.7500   6343.0000   2047.5000
    4296.0000   2047.5000   4500.7000   2252.2500
    4500.7000   2047.5000   4705.4000   2252.2500
    4705.4000   2047.5000   4910.1000   2252.2500
    4910.1000   2047.5000   5114.8000   2252.2500
    5114.8000   2047.5000   5319.5000   2252.2500
    5319.5000   2047.5000   5524.2000   2252.2500
    5524.2000   2047.5000   5728.9000   2252.2500
    5728.9000   2047.5000   5933.6000   2252.2500
    5933.6000   2047.5000   6138.3000   2252.2500
    6138.3000   2047.5000   6343.0000   2252.2500
    4296.0000   2252.2500   4500.7000   2457.0000
    4500.7000   2252.2500   4705.4000   2457.0000
    4705.4000   2252.2500   4910.1000   2457.0000
    4910.1000   2252.2500   5114.8000   2457.0000
    5114.8000   2252.2500   5319.5000   2457.0000
    5319.5000   2252.2500   5524.2000   2457.0000
    5524.2000   2252.2500   5728.9000   2457.0000
    5728.9000   2252.2500   5933.6000   2457.0000
    5933.6000   2252.2500   6138.3000   2457.0000
    6138.3000   2252.2500   6343.0000   2457.0000
    4296.0000   2457.0000   4500.7000   2661.7500
    4500.7000   2457.0000   4705.4000   2661.7500
    4705.4000   2457.0000   4910.1000   2661.7500
    4910.1000   2457.0000   5114.8000   2661.7500
    5114.8000   2457.0000   5319.5000   2661.7500
    5319.5000   2457.0000   5524.2000   2661.7500
    5524.2000   2457.0000   5728.9000   2661.7500
    5728.9000   2457.0000   5933.6000   2661.7500
    5933.6000   2457.0000   6138.3000   2661.7500
    6138.3000   2457.0000   6343.0000   2661.7500
    4296.0000   2661.7500   4500.7000   2866.5000
    4500.7000   2661.7500   4705.4000   2866.5000
    4705.4000   2661.7500   4910.1000   2866.5000
    4910.1000   2661.7500   5114.8000   2866.5000
    5114.8000   2661.7500   5319.5000   2866.5000
    5319.5000   2661.7500   5524.2000   2866.5000
    5524.2000   2661.7500   5728.9000   2866.5000
    5728.9000   2661.7500   5933.6000   2866.5000
    5933.6000   2661.7500   6138.3000   2866.5000
    6138.3000   2661.7500   6343.0000   2866.5000
    4296.0000   2866.5000   4500.7000   3071.2500
    4500.7000   2866.5000   4705.4000   3071.2500
    4705.4000   2866.5000   4910.1000   3071.2500
    4910.1000   2866.5000   5114.8000   3071.2500
    5114.8000   2866.5000   5319.5000   3071.2500
    5319.5000   2866.5000   5524.2000   3071.2500
    5524.2000   2866.5000   5728.9000   3071.2500
    5728.9000   2866.5000   5933.6000   3071.2500
    5933.6000   2866.5000   6138.3000   3071.2500
    6138.3000   2866.5000   6343.0000   3071.2500
    4296.0000   3071.2500   4500.7000   3276.0000
    4500.7000   3071.2500   4705.4000   3276.0000
    4705.4000   3071.2500   4910.1000   3276.0000
    4910.1000   3071.2500   5114.8000   3276.0000
    5114.8000   3071.2500   5319.5000   3276.0000
    5319.5000   3071.2500   5524.2000   3276.0000
    5524.2000   3071.2500   5728.9000   3276.0000
    5728.9000   3071.2500   5933.6000   3276.0000
    5933.6000   3071.2500   6138.3000   3276.0000
    6138.3000   3071.2500   6343.0000   3276.0000
    4296.0000   3276.0000   4500.7000   3480.7500
    4500.7000   3276.0000   4705.4000   3480.7500
    4705.4000   3276.0000   4910.1000   3480.7500
    4910.1000   3276.0000   5114.8000   3480.7500
    5114.8000   3276.0000   5319.5000   3480.7500
    5319.5000   3276.0000   5524.2000   3480.7500
    5524.2000   3276.0000   5728.9000   3480.7500
    5728.9000   3276.0000   5933.6000   3480.7500
    5933.6000   3276.0000   6138.3000   3480.7500
    6138.3000   3276.0000   6343.0000   3480.7500
    4296.0000   3480.7500   4500.7000   3685.5000
    4500.7000   3480.7500   4705.4000   3685.5000
    4705.4000   3480.7500   4910.1000   3685.5000
    4910.1000   3480.7500   5114.8000   3685.5000
    5114.8000   3480.7500   5319.5000   3685.5000
    5319.5000   3480.7500   5524.2000   3685.5000
    5524.2000   3480.7500   5728.9000   3685.5000
    5728.9000   3480.7500   5933.6000   3685.5000
    5933.6000   3480.7500   6138.3000   3685.5000
    6138.3000   3480.7500   6343.0000   3685.5000
    4296.0000   3685.5000   4500.7000   3890.2500
    4500.7000   3685.5000   4705.4000   3890.2500
    4705.4000   3685.5000   4910.1000   3890.2500
    4910.1000   3685.5000   5114.8000   3890.2500
    5114.8000   3685.5000   5319.5000   3890.2500
    5319.5000   3685.5000   5524.2000   3890.2500
    5524.2000   3685.5000   5728.9000   3890.2500
    5728.9000   3685.5000   5933.6000   3890.2500
    5933.6000   3685.5000   6138.3000   3890.2500
    6138.3000   3685.5000   6343.0000   3890.2500
    4296.0000   3890.2500   4500.7000   4095.0000
    4500.7000   3890.2500   4705.4000   4095.0000
    4705.4000   3890.2500   4910.1000   4095.0000
    4910.1000   3890.2500   5114.8000   4095.0000
    5114.8000   3890.2500   5319.5000   4095.0000
    5319.5000   3890.2500   5524.2000   4095.0000
    5524.2000   3890.2500   5728.9000   4095.0000
    5728.9000   3890.2500   5933.6000   4095.0000
    5933.6000   3890.2500   6138.3000   4095.0000
    6138.3000   3890.2500   6343.0000   4095.0000
    6444.0000      0.0000   6648.7000    204.7500
    6648.7000      0.0000   6853.4000    204.7500
    6853.4000      0.0000   7058.1000    204.7500
    7058.1000      0.0000   7262.8000    204.7500
    7262.8000      0.0000   7467.5000    204.7500
    7467.5000      0.0000   7672.2000    204.7500
    7672.2000      0.0000   7876.9000    204.7500
    7876.9000      0.0000   8081.6000    204.7500
    8081.6000      0.0000   8286.3000    204.7500
    8286.3000      0.0000   8491.0000    204.7500
    6444.0000    204.7500   6648.7000    409.5000
    6648.7000    204.7500   6853.4000    409.5000
    6853.4000    204.7500   7058.1000    409.5000
    7058.1000    204.7500   7262.8000    409.5000
    7262.8000    204.7500   7467.5000    409.5000
    7467.5000    204.7500   7672.2000    409.5000
    7672.2000    204.7500   7876.9000    409.5000
    7876.9000    204.7500   8081.6000    409.5000
    8081.6000    204.7500   8286.3000    409.5000
    8286.3000    204.7500   8491.0000    409.5000
    6444.0000    409.5000   6648.7000    614.2500
    6648.7000    409.5000   6853.4000    614.2500
    6853.4000    409.5000   7058.1000    614.2500
    7058.1000    409.5000   7262.8000    614.2500
    7262.8000    409.5000   7467.5000    614.2500
    7467.5000    409.5000   7672.2000    614.2500
    7672.2000    409.5000   7876.9000    614.2500
    7876.9000    409.5000   8081.6000    614.2500
    8081.6000    409.5000   8286.3000    614.2500
    8286.3000    409.5000   8491.0000    614.2500
    6444.0000    614.2500   6648.7000    819.0000
    6648.7000    614.2500   6853.4000    819.0000
    6853.4000    614.2500   7058.1000    819.0000
    7058.1000    614.2500   7262.8000    819.0000
    7262.8000    614.2500   7467.5000    819.0000
    7467.5000    614.2500   7672.2000    819.0000
    7672.2000    614.2500   7876.9000    819.0000
    7876.9000    614.2500   8081.6000    819.0000
    8081.6000    614.2500   8286.3000    819.0000
    8286.3000    614.2500   8491.0000    819.0000
    6444.0000    819.0000   6648.7000   1023.7500
    6648.7000    819.0000   6853.4000   1023.7500
    6853.4000    819.0000   7058.1000   1023.7500
    7058.1000    819.0000   7262.8000   1023.7500
    7262.8000    819.0000   7467.5000   1023.7500
    7467.5000    819.0000   7672.2000   1023.7500
    7672.2000    819.0000   7876.9000   1023.7500
    7876.9000    819.0000   8081.6000   1023.7500
    8081.6000    819.0000   8286.3000   1023.7500
    8286.3000    819.0000   8491.0000   1023.7500
    6444.0000   1023.7500   6648.7000   1228.5000
    6648.7000   1023.7500   6853.4000   1228.5000
    6853.4000   1023.7500   7058.1000   1228.5000
    7058.1000   1023.7500   7262.8000   1228.5000
    7262.8000   1023.7500   7467.5000   1228.5000
    7467.5000   1023.7500   7672.2000   1228.5000
    7672.2000   1023.7500   7876.9000   1228.5000
    7876.9000   1023.7500   8081.6000   1228.5000
    8081.6000   1023.7500   8286.3000   1228.5000
    8286.3000   1023.7500   8491.0000   1228.5000
    6444.0000   1228.5000   6648.7000   1433.2500
    6648.7000   1228.5000   6853.4000   1433.2500
    6853.4000   1228.5000   7058.1000   1433.2500
    7058.1000   1228.5000   7262.8000   1433.2500
    7262.8000   1228.5000   7467.5000   1433.2500
    7467.5000   1228.5000   7672.2000   1433.2500
    7672.2000   1228.5000   7876.9000   1433.2500
    7876.9000   1228.5000   8081.6000   1433.2500
    8081.6000   1228.5000   8286.3000   1433.2500
    8286.3000   1228.5000   8491.0000   1433.2500
    6444.0000   1433.2500   6648.7000   1638.0000
    6648.7000   1433.2500   6853.4000   1638.0000
    6853.4000   1433.2500   7058.1000   1638.0000
    7058.1000   1433.2500   7262.8000   1638.0000
    7262.8000   1433.2500   7467.5000   1638.0000
    7467.5000   1433.2500   7672.2000   1638.0000
    7672.2000   1433.2500   7876.9000   1638.0000
    7876.9000   1433.2500   8081.6000   1638.0000
    8081.6000   1433.2500   8286.3000   1638.0000
    8286.3000   1433.2500   8491.0000   1638.0000
    6444.0000   1638.0000   6648.7000   1842.7500
    6648.7000   1638.0000   6853.4000   1842.7500
    6853.4000   1638.0000   7058.1000   1842.7500
    7058.1000   1638.0000   7262.8000   1842.7500
    7262.8000   1638.0000   7467.5000   1842.7500
    7467.5000   1638.0000   7672.2000   1842.7500
    7672.2000   1638.0000   7876.9000   1842.7500
    7876.9000   1638.0000   8081.6000   1842.7500
    8081.6000   1638.0000   8286.3000   1842.7500
    8286.3000   1638.0000   8491.0000   1842.7500
    6444.0000   1842.7500   6648.7000   2047.5000
    6648.7000   1842.7500   6853.4000   2047.5000
    6853.4000   1842.7500   7058.1000   2047.5000
    7058.1000   1842.7500   7262.8000   2047.5000
    7262.8000   1842.7500   7467.5000   2047.5000
    7467.5000   1842.7500   7672.2000   2047.5000
    7672.2000   1842.7500   7876.9000   2047.5000
    7876.9000   1842.7500   8081.6000   2047.5000
    8081.6000   1842.7500   8286.3000   2047.5000
    8286.3000   1842.7500   8491.0000   2047.5000
    6444.0000   2047.5000   6648.7000   2252.2500
    6648.7000   2047.5000   6853.4000   2252.2500
    6853.4000   2047.5000   7058.1000   2252.2500
    7058.1000   2047.5000   7262.8000   2252.2500
    7262.8000   2047.5000   7467.5000   2252.2500
    7467.5000   2047.5000   7672.2000   2252.2500
    7672.2000   2047.5000   7876.9000   2252.2500
    7876.9000   2047.5000   8081.6000   2252.2500
    8081.6000   2047.5000   8286.3000   2252.2500
    8286.3000   2047.5000   8491.0000   2252.2500
    6444.0000   2252.2500   6648.7000   2457.0000
    6648.7000   2252.2500   6853.4000   2457.0000
    6853.4000   2252.2500   7058.1000   2457.0000
    7058.1000   2252.2500   7262.8000   2457.0000
    7262.8000   2252.2500   7467.5000   2457.0000
    7467.5000   2252.2500   7672.2000   2457.0000
    7672.2000   2252.2500   7876.9000   2457.0000
    7876.9000   2252.2500   8081.6000   2457.0000
    8081.6000   2252.2500   8286.3000   2457.0000
    8286.3000   2252.2500   8491.0000   2457.0000
    6444.0000   2457.0000   6648.7000   2661.7500
    6648.7000   2457.0000   6853.4000   2661.7500
    6853.4000   2457.0000   7058.1000   2661.7500
    7058.1000   2457.0000   7262.8000   2661.7500
    7262.8000   2457.0000   7467.5000   2661.7500
    7467.5000   2457.0000   7672.2000   2661.7500
    7672.2000   2457.0000   7876.9000   2661.7500
    7876.9000   2457.0000   8081.6000   2661.7500
    8081.6000   2457.0000   8286.3000   2661.7500
    8286.3000   2457.0000   8491.0000   2661.7500
    6444.0000   2661.7500   6648.7000   2866.5000
    6648.7000   2661.7500   6853.4000   2866.5000
    6853.4000   2661.7500   7058.1000   2866.5000
    7058.1000   2661.7500   7262.8000   2866.5000
    7262.8000   2661.7500   7467.5000   2866.5000
    7467.5000   2661.7500   7672.2000   2866.5000
    7672.2000   2661.7500   7876.9000   2866.5000
    7876.9000   2661.7500   8081.6000   2866.5000
    8081.6000   2661.7500   8286.3000   2866.5000
    8286.3000   2661.7500   8491.0000   2866.5000
    6444.0000   2866.5000   6648.7000   3071.2500
    6648.7000   2866.5000   6853.4000   3071.2500
    6853.4000   2866.5000   7058.1000   3071.2500
    7058.1000   2866.5000   7262.8000   3071.2500
    7262.8000   2866.5000   7467.5000   3071.2500
    7467.5000   2866.5000   7672.2000   3071.2500
    7672.2000   2866.5000   7876.9000   3071.2500
    7876.9000   2866.5000   8081.6000   3071.2500
    8081.6000   2866.5000   8286.3000   3071.2500
    8286.3000   2866.5000   8491.0000   3071.2500
    6444.0000   3071.2500   6648.7000   3276.0000
    6648.7000   3071.2500   6853.4000   3276.0000
    6853.4000   3071.2500   7058.1000   3276.0000
    7058.1000   3071.2500   7262.8000   3276.0000
    7262.8000   3071.2500   7467.5000   3276.0000
    7467.5000   3071.2500   7672.2000   3276.0000
    7672.2000   3071.2500   7876.9000   3276.0000
    7876.9000   3071.2500   8081.6000   3276.0000
    8081.6000   3071.2500   8286.3000   3276.0000
    8286.3000   3071.2500   8491.0000   3276.0000
    6444.0000   3276.0000   6648.7000   3480.7500
    6648.7000   3276.0000   6853.4000   3480.7500
    6853.4000   3276.0000   7058.1000   3480.7500
    7058.1000   3276.0000   7262.8000   3480.7500
    7262.8000   3276.0000   7467.5000   3480.7500
    7467.5000   3276.0000   7672.2000   3480.7500
    7672.2000   3276.0000   7876.9000   3480.7500
    7876.9000   3276.0000   8081.6000   3480.7500
    8081.6000   3276.0000   8286.3000   3480.7500
    8286.3000   3276.0000   8491.0000   3480.7500
    6444.0000   3480.7500   6648.7000   3685.5000
    6648.7000   3480.7500   6853.4000   3685.5000
    6853.4000   3480.7500   7058.1000   3685.5000
    7058.1000   3480.7500   7262.8000   3685.5000
    7262.8000   3480.7500   7467.5000   3685.5000
    7467.5000   3480.7500   7672.2000   3685.5000
    7672.2000   3480.7500   7876.9000   3685.5000
    7876.9000   3480.7500   8081.6000   3685.5000
    8081.6000   3480.7500   8286.3000   3685.5000
    8286.3000   3480.7500   8491.0000   3685.5000
    6444.0000   3685.5000   6648.7000   3890.2500
    6648.7000   3685.5000   6853.4000   3890.2500
    6853.4000   3685.5000   7058.1000   3890.2500
    7058.1000   3685.5000   7262.8000   3890.2500
    7262.8000   3685.5000   7467.5000   3890.2500
    7467.5000   3685.5000   7672.2000   3890.2500
    7672.2000   3685.5000   7876.9000   3890.2500
    7876.9000   3685.5000   8081.6000   3890.2500
    8081.6000   3685.5000   8286.3000   3890.2500
    8286.3000   3685.5000   8491.0000   3890.2500
    6444.0000   3890.2500   6648.7000   4095.0000
    6648.7000   3890.2500   6853.4000   4095.0000
    6853.4000   3890.2500   7058.1000   4095.0000
    7058.1000   3890.2500   7262.8000   4095.0000
    7262.8000   3890.2500   7467.5000   4095.0000
    7467.5000   3890.2500   7672.2000   4095.0000
    7672.2000   3890.2500   7876.9000   4095.0000
    7876.9000   3890.2500   8081.6000   4095.0000
    8081.6000   3890.2500   8286.3000   4095.0000
    8286.3000   3890.2500   8491.0000   4095.0000
       0.0000   4196.0000    204.7000   4400.7500
     204.7000   4196.0000    409.4000   4400.7500
     409.4000   4196.0000    614.1000   4400.7500
     614.1000   4196.0000    818.8000   4400.7500
     818.8000   4196.0000   1023.5000   4400.7500
    1023.5000   4196.0000   1228.2000   4400.7500
    1228.2000   4196.0000   1432.9000   4400.7500
    1432.9000   4196.0000   1637.6000   4400.7500
    1637.6000   4196.0000   1842.3000   4400.7500
    1842.3000   4196.0000   2047.0000   4400.7500
       0.0000   4400.7500    204.7000   4605.5000
     204.7000   4400.7500    409.4000   4605.5000
     409.4000   4400.7500    614.1000   4605.5000
     614.1000   4400.7500    818.8000   4605.5000
     818.8000   4400.7500   1023.5000   4605.5000
    1023.5000   4400.7500   1228.2000   4605.5000
    1228.2000   4400.7500   1432.9000   4605.5000
    1432.9000   4400.7500   1637.6000   4605.5000
    1637.6000   4400.7500   1842.3000   4605.5000
    1842.3000   4400.7500   2047.0000   4605.5000
       0.0000   4605.5000    204.7000   4810.2500
     204.7000   4605.5000    409.4000   4810.2500
     409.4000   4605.5000    614.1000   4810.2500
     614.1000   4605.5000    818.8000   4810.2500
     818.8000   4605.5000   1023.5000   4810.2500
    1023.5000   4605.5000   1228.2000   4810.2500
    1228.2000   4605.5000   1432.9000   4810.2500
    1432.9000   4605.5000   1637.6000   4810.2500
    1637.6000   4605.5000   1842.3000   4810.2500
    1842.3000   4605.5000   2047.0000   4810.2500
       0.0000   4810.2500    204.7000   5015.0000
     204.7000   4810.2500    409.4000   5015.0000
     409.4000   4810.2500    614.1000   5015.0000
     614.1000   4810.2500    818.8000   5015.0000
     818.8000   4810.2500   1023.5000   5015.0000
    1023.5000   4810.2500   1228.2000   5015.0000
    1228.2000   4810.2500   1432.9000   5015.0000
    1432.9000   4810.2500   1637.6000   5015.0000
    1637.6000   4810.2500   1842.3000   5015.0000
    1842.3000   4810.2500   2047.0000   5015.0000
       0.0000   5015.0000    204.7000   5219.7500
     204.7000   5015.0000    409.4000   5219.7500
     409.4000   5015.0000    614.1000   5219.7500
     614.1000   5015.0000    818.8000   5219.7500
     818.8000   5015.0000   1023.5000   5219.7500
    1023.5000   5015.0000   1228.2000   5219.7500
    1228.2000   5015.0000   1432.9000   5219.7500
    1432.9000   5015.0000   1637.6000   5219.7500
    1637.6000   5015.0000   1842.3000   5219.7500
    1842.3000   5015.0000   2047.0000   5219.7500
       0.0000   5219.7500    204.7000   5424.5000
     204.7000   5219.7500    409.4000   5424.5000
     409.4000   5219.7500    614.1000   5424.5000
     614.1000   5219.7500    818.8000   5424.5000
     818.8000   5219.7500   1023.5000   5424.5000
    1023.5000   5219.7500   1228.2000   5424.5000
    1228.2000   5219.7500   1432.9000   5424.5000
    1432.9000   5219.7500   1637.6000   5424.5000
    1637.6000   5219.7500   1842.3000   5424.5000
    1842.3000   5219.7500   2047.0000   5424.5000
       0.0000   5424.5000    204.7000   5629.2500
     204.7000   5424.5000    409.4000   5629.2500
     409.4000   5424.5000    614.1000   5629.2500
     614.1000   5424.5000    818.8000   5629.2500
     818.8000   5424.5000   1023.5000   5629.2500
    1023.5000   5424.5000   1228.2000   5629.2500
    1228.2000   5424.5000   1432.9000   5629.2500
    1432.9000   5424.5000   1637.6000   5629.2500
    1637.6000   5424.5000   1842.3000   5629.2500
    1842.3000   5424.5000   2047.0000   5629.2500
       0.0000   5629.2500    204.7000   5834.0000
     204.7000   5629.2500    409.4000   5834.0000
     409.4000   5629.2500    614.1000   5834.0000
     614.1000   5629.2500    818.8000   5834.0000
     818.8000   5629.2500   1023.5000   5834.0000
    1023.5000   5629.2500   1228.2000   5834.0000
    1228.2000   5629.2500   1432.9000   5834.0000
    1432.9000   5629.2500   1637.6000   5834.0000
    1637.6000   5629.2500   1842.3000   5834.0000
    1842.3000   5629.2500   2047.0000   5834.0000
       0.0000   5834.0000    204.7000   6038.7500
     204.7000   5834.0000    409.4000   6038.7500
     409.4000   5834.0000    614.1000   6038.7500
     614.1000   5834.0000    818.8000   6038.7500
     818.8000   5834.0000   1023.5000   6038.7500
    1023.5000   5834.0000   1228.2000   6038.7500
    1228.2000   5834.0000   1432.9000   6038.7500
    1432.9000   5834.0000   1637.6000   6038.7500
    1637.6000   5834.0000   1842.3000   6038.7500
    1842.3000   5834.0000   2047.0000   6038.7500
       0.0000   6038.7500    204.7000   6243.5000
     204.7000   6038.7500    409.4000   6243.5000
     409.4000   6038.7500    614.1000   6243.5000
     614.1000   6038.7500    818.8000   6243.5000
     818.8000   6038.7500   1023.5000   6243.5000
    1023.5000   6038.7500   1228.2000   6243.5000
    1228.2000   6038.7500   1432.9000   6243.5000
    1432.9000   6038.7500   1637.6000   6243.5000
    1637.6000   6038.7500   1842.3000   6243.5000
    1842.3000   6038.7500   2047.0000   6243.5000
       0.0000   6243.5000    204.7000   6448.2500
     204.7000   6243.5000    409.4000   6448.2500
     409.4000   6243.5000    614.1000   6448.2500
     614.1000   6243.5000    818.8000   6448.2500
     818.8000   6243.5000   1023.5000   6448.2500
    1023.5000   6243.5000   1228.2000   6448.2500
    1228.2000   6243.5000   1432.9000   6448.2500
    1432.9000   6243.5000   1637.6000   6448.2500
    1637.6000   6243.5000   1842.3000   6448.2500
    1842.3000   6243.5000   2047.0000   6448.2500
       0.0000   6448.2500    204.7000   6653.0000
     204.7000   6448.2500    409.4000   6653.0000
     409.4000   6448.2500    614.1000   6653.0000
     614.1000   6448.2500    818.8000   6653.0000
     818.8000   6448.2500   1023.5000   6653.0000
    1023.5000   6448.2500   1228.2000   6653.0000
    1228.2000   6448.2500   1432.9000   6653.0000
    1432.9000   6448.2500   1637.6000   6653.0000
    1637.6000   6448.2500   1842.3000   6653.0000
    1842.3000   6448.2500   2047.0000   6653.0000
       0.0000   6653.0000    204.7000   6857.7500
     204.7000   6653.0000    409.4000   6857.7500
     409.4000   6653.0000    614.1000   6857.7500
     614.1000   6653.0000    818.8000   6857.7500
     818.8000   6653.0000   1023.5000   6857.7500
    1023.5000   6653.0000   1228.2000   6857.7500
    1228.2000   6653.0000   1432.9000   6857.7500
    1432.9000   6653.0000   1637.6000   6857.7500
    1637.6000   6653.0000   1842.3000   6857.7500
    1842.3000   6653.0000   2047.0000   6857.7500
       0.0000   6857.7500    204.7000   7062.5000
     204.7000   6857.7500    409.4000   7062.5000
     409.4000   6857.7500    614.1000   7062.5000
     614.1000   6857.7500    818.8000   7062.5000
     818.8000   6857.7500   1023.5000   7062.5000
    1023.5000   6857.7500   1228.2000   7062.5000
    1228.2000   6857.7500   1432.9000   7062.5000
    1432.9000   6857.7500   1637.6000   7062.5000
    1637.6000   6857.7500   1842.3000   7062.5000
    1842.3000   6857.7500   2047.0000   7062.5000
       0.0000   7062.5000    204.7000   7267.2500
     204.7000   7062.5000    409.4000   7267.2500
     409.4000   7062.5000    614.1000   7267.2500
     614.1000   7062.5000    818.8000   7267.2500
     818.8000   7062.5000   1023.5000   7267.2500
    1023.5000   7062.5000   1228.2000   7267.2500
    1228.2000   7062.5000   1432.9000   7267.2500
    1432.9000   7062.5000   1637.6000   7267.2500
    1637.6000   7062.5000   1842.3000   7267.2500
    1842.3000   7062.5000   2047.0000   7267.2500
       0.0000   7267.2500    204.7000   7472.0000
     204.7000   7267.2500    409.4000   7472.0000
     409.4000   7267.2500    614.1000   7472.0000
     614.1000   7267.2500    818.8000   7472.0000
     818.8000   7267.2500   1023.5000   7472.0000
    1023.5000   7267.2500   1228.2000   7472.0000
    1228.2000   7267.2500   1432.9000   7472.0000
    1432.9000   7267.2500   1637.6000   7472.0000
    1637.6000   7267.2500   1842.3000   7472.0000
    1842.3000   7267.2500   2047.0000   7472.0000
       0.0000   7472.0000    204.7000   7676.7500
     204.7000   7472.0000    409.4000   7676.7500
     409.4000   7472.0000    614.1000   7676.7500
     614.1000   7472.0000    818.8000   7676.7500
     818.8000   7472.0000   1023.5000   7676.7500
    1023.5000   7472.0000   1228.2000   7676.7500
    1228.2000   7472.0000   1432.9000   7676.7500
    1432.9000   7472.0000   1637.6000   7676.7500
    1637.6000   7472.0000   1842.3000   7676.7500
    1842.3000   7472.0000   2047.0000   7676.7500
       0.0000   7676.7500    204.7000   7881.5000
     204.7000   7676.7500    409.4000   7881.5000
     409.4000   7676.7500    614.1000   7881.5000
     614.1000   7676.7500    818.8000   7881.5000
     818.8000   7676.7500   1023.5000   7881.5000
    1023.5000   7676.7500   1228.2000   7881.5000
    1228.2000   7676.7500   1432.9000   7881.5000
    1432.9000   7676.7500   1637.6000   7881.5000
    1637.6000   7676.7500   1842.3000   7881.5000
    1842.3000   7676.7500   2047.0000   7881.5000
       0.0000   7881.5000    204.7000   8086.2500
     204.7000   7881.5000    409.4000   8086.2500
     409.4000   7881.5000    614.1000   8086.2500
     614.1000   7881.5000    818.8000   8086.2500
     818.8000   7881.5000   1023.5000   8086.2500
    1023.5000   7881.5000   1228.2000   8086.2500
    1228.2000   7881.5000   1432.9000   8086.2500
    1432.9000   7881.5000   1637.6000   8086.2500
    1637.6000   7881.5000   1842.3000   8086.2500
    1842.3000   7881.5000   2047.0000   8086.2500
       0.0000   8086.2500    204.7000   8291.0000
     204.7000   8086.2500    409.4000   8291.0000
     409.4000   8086.2500    614.1000   8291.0000
     614.1000   8086.2500    818.8000   8291.0000
     818.8000   8086.2500   1023.5000   8291.0000
    1023.5000   8086.2500   1228.2000   8291.0000
    1228.2000   8086.2500   1432.9000   8291.0000
    1432.9000   8086.2500   1637.6000   8291.0000
    1637.6000   8086.2500   1842.3000   8291.0000
    1842.3000   8086.2500   2047.0000   8291.0000
    2148.0000   4196.0000   2352.7000   4400.7500
    2352.7000   4196.0000   2557.4000   4400.7500
    2557.4000   4196.0000   2762.1000   4400.7500
    2762.1000   4196.0000   2966.8000   4400.7500
    2966.8000   4196.0000   3171.5000   4400.7500
    3171.5000   4196.0000   3376.2000   4400.7500
    3376.2000   4196.0000   3580.9000   4400.7500
    3580.9000   4196.0000   3785.6000   4400.7500
    3785.6000   4196.0000   3990.3000   4400.7500
    3990.3000   4196.0000   4195.0000   4400.7500
    2148.0000   4400.7500   2352.7000   4605.5000
    2352.7000   4400.7500   2557.4000   4605.5000
    2557.4000   4400.7500   2762.1000   4605.5000
    2762.1000   4400.7500   2966.8000   4605.5000
    2966.8000   4400.7500   3171.5000   4605.5000
    3171.5000   4400.7500   3376.2000   4605.5000
    3376.2000   4400.7500   3580.9000   4605.5000
    3580.9000   4400.7500   3785.6000   4605.5000
    3785.6000   4400.7500   3990.3000   4605.5000
    3990.3000   4400.7500   4195.0000   4605.5000
    2148.0000   4605.5000   2352.7000   4810.2500
    2352.7000   4605.5000   2557.4000   4810.2500
    2557.4000   4605.5000   2762.1000   4810.2500
    2762.1000   4605.5000   2966.8000   4810.2500
    2966.8000   4605.5000   3171.5000   4810.2500
    3171.5000   4605.5000   3376.2000   4810.2500
    3376.2000   4605.5000   3580.9000   4810.2500
    3580.9000   4605.5000   3785.6000   4810.2500
    3785.6000   4605.5000   3990.3000   4810.2500
    3990.3000   4605.5000   4195.0000   4810.2500
    2148.0000   4810.2500   2352.7000   5015.0000
    2352.7000   4810.2500   2557.4000   5015.0000
    2557.4000   4810.2500   2762.1000   5015.0000
    2762.1000   4810.2500   2966.8000   5015.0000
    2966.8000   4810.2500   3171.5000   5015.0000
    3171.5000   4810.2500   3376.2000   5015.0000
    3376.2000   4810.2500   3580.9000   5015.0000
    3580.9000   4810.2500   3785.6000   5015.0000
    3785.6000   4810.2500   3990.3000   5015.0000
    3990.3000   4810.2500   4195.0000   5015.0000
    2148.0000   5015.0000   2352.7000   5219.7500
    2352.7000   5015.0000   2557.4000   5219.7500
    2557.4000   5015.0000   2762.1000   5219.7500
    2762.1000   5015.0000   2966.8000   5219.7500
    2966.8000   5015.0000   3171.5000   5219.7500
    3171.5000   5015.0000   3376.2000   5219.7500
    3376.2000   5015.0000   3580.9000   5219.7500
    3580.9000   5015.0000   3785.6000   5219.7500
    3785.6000   5015.0000   3990.3000   5219.7500
    3990.3000   5015.0000   4195.0000   5219.7500
    2148.0000   5219.7500   2352.7000   5424.5000
    2352.7000   5219.7500   2557.4000   5424.5000
    2557.4000   5219.7500   2762.1000   5424.5000
    2762.1000   5219.7500   2966.8000   5424.5000
    2966.8000   5219.7500   3171.5000   5424.5000
    3171.5000   5219.7500   3376.2000   5424.5000
    3376.2000   5219.7500   3580.9000   5424.5000
    3580.9000   5219.7500   3785.6000   5424.5000
    3785.6000   5219.7500   3990.3000   5424.5000
    3990.3000   5219.7500   4195.0000   5424.5000
    2148.0000   5424.5000   2352.7000   5629.2500
    2352.7000   5424.5000   2557.4000   5629.2500
    2557.4000   5424.5000   2762.1000   5629.2500
    2762.1000   5424.5000   2966.8000   5629.2500
    2966.8000   5424.5000   3171.5000   5629.2500
    3171.5000   5424.5000   3376.2000   5629.2500
    3376.2000   5424.5000   3580.9000   5629.2500
    3580.9000   5424.5000   3785.6000   5629.2500
    3785.6000   5424.5000   3990.3000   5629.2500
    3990.3000   5424.5000   4195.0000   5629.2500
    2148.0000   5629.2500   2352.7000   5834.0000
    2352.7000   5629.2500   2557.4000   5834.0000
    2557.4000   5629.2500   2762.1000   5834.0000
    2762.1000   5629.2500   2966.8000   5834.0000
    2966.8000   5629.2500   3171.5000   5834.0000
    3171.5000   5629.2500   3376.2000   5834.0000
    3376.2000   5629.2500   3580.9000   5834.0000
    3580.9000   5629.2500   3785.6000   5834.0000
    3785.6000   5629.2500   3990.3000   5834.0000
    3990.3000   5629.2500   4195.0000   5834.0000
    2148.0000   5834.0000   2352.7000   6038.7500
    2352.7000   5834.0000   2557.4000   6038.7500
    2557.4000   5834.0000   2762.1000   6038.7500
    2762.1000   5834.0000   2966.8000   6038.7500
    2966.8000   5834.0000   3171.5000   6038.7500
    3171.5000   5834.0000   3376.2000   6038.7500
    3376.2000   5834.0000   3580.9000   6038.7500
    3580.9000   5834.0000   3785.6000   6038.7500
    3785.6000   5834.0000   3990.3000   6038.7500
    3990.3000   5834.0000   4195.0000   6038.7500
    2148.0000   6038.7500   2352.7000   6243.5000
    2352.7000   6038.7500   2557.4000   6243.5000
    2557.4000   6038.7500   2762.1000   6243.5000
    2762.1000   6038.7500   2966.8000   6243.5000
    2966.8000   6038.7500   3171.5000   6243.5000
    3171.5000   6038.7500   3376.2000   6243.5000
    3376.2000   6038.7500   3580.9000   6243.5000
    3580.9000   6038.7500   3785.6000   6243.5000
    3785.6000   6038.7500   3990.3000   6243.5000
    3990.3000   6038.7500   4195.0000   6243.5000
    2148.0000   6243.5000   2352.7000   6448.2500
    2352.7000   6243.5000   2557.4000   6448.2500
    2557.4000   6243.5000   2762.1000   6448.2500
    2762.1000   6243.5000   2966.8000   6448.2500
    2966.8000   6243.5000   3171.5000   6448.2500
    3171.5000   6243.5000   3376.2000   6448.2500
    3376.2000   6243.5000   3580.9000   6448.2500
    3580.9000   6243.5000   3785.6000   6448.2500
    3785.6000   6243.5000   3990.3000   6448.2500
    3990.3000   6243.5000   4195.0000   6448.2500
    2148.0000   6448.2500   2352.7000   6653.0000
    2352.7000   6448.2500   2557.4000   6653.0000
    2557.4000   6448.2500   2762.1000   6653.0000
    2762.1000   6448.2500   2966.8000   6653.0000
    2966.8000   6448.2500   3171.5000   6653.0000
    3171.5000   6448.2500   3376.2000   6653.0000
    3376.2000   6448.2500   3580.9000   6653.0000
    3580.9000   6448.2500   3785.6000   6653.0000
    3785.6000   6448.2500   3990.3000   6653.0000
    3990.3000   6448.2500   4195.0000   6653.0000
    2148.0000   6653.0000   2352.7000   6857.7500
    2352.7000   6653.0000   2557.4000   6857.7500
    2557.4000   6653.0000   2762.1000   6857.7500
    2762.1000   6653.0000   2966.8000   6857.7500
    2966.8000   6653.0000   3171.5000   6857.7500
    3171.5000   6653.0000   3376.2000   6857.7500
    3376.2000   6653.0000   3580.9000   6857.7500
    3580.9000   6653.0000   3785.6000   6857.7500
    3785.6000   6653.0000   3990.3000   6857.7500
    3990.3000   6653.0000   4195.0000   6857.7500
    2148.0000   6857.7500   2352.7000   7062.5000
    2352.7000   6857.7500   2557.4000   7062.5000
    2557.4000   6857.7500   2762.1000   7062.5000
    2762.1000   6857.7500   2966.8000   7062.5000
    2966.8000   6857.7500   3171.5000   7062.5000
    3171.5000   6857.7500   3376.2000   7062.5000
    3376.2000   6857.7500   3580.9000   7062.5000
    3580.9000   6857.7500   3785.6000   7062.5000
    3785.6000   6857.7500   3990.3000   7062.5000
    3990.3000   6857.7500   4195.0000   7062.5000
    2148.0000   7062.5000   2352.7000   7267.2500
    2352.7000   7062.5000   2557.4000   7267.2500
    2557.4000   7062.5000   2762.1000   7267.2500
    2762.1000   7062.5000   2966.8000   7267.2500
    2966.8000   7062.5000   3171.5000   7267.2500
    3171.5000   7062.5000   3376.2000   7267.2500
    3376.2000   7062.5000   3580.9000   7267.2500
    3580.9000   7062.5000   3785.6000   7267.2500
    3785.6000   7062.5000   3990.3000   7267.2500
    3990.3000   7062.5000   4195.0000   7267.2500
    2148.0000   7267.2500   2352.7000   7472.0000
    2352.7000   7267.2500   2557.4000   7472.0000
    2557.4000   7267.2500   2762.1000   7472.0000
    2762.1000   7267.2500   2966.8000   7472.0000
    2966.8000   7267.2500   3171.5000   7472.0000
    3171.5000   7267.2500   3376.2000   7472.0000
    3376.2000   7267.2500   3580.9000   7472.0000
    3580.9000   7267.2500   3785.6000   7472.0000
    3785.6000   7267.2500   3990.3000   7472.0000
    3990.3000   7267.2500   4195.0000   7472.0000
    2148.0000   7472.0000   2352.7000   7676.7500
    2352.7000   7472.0000   2557.4000   7676.7500
    2557.4000   7472.0000   2762.1000   7676.7500
    2762.1000   7472.0000   2966.8000   7676.7500
    2966.8000   7472.0000   3171.5000   7676.7500
    3171.5000   7472.0000   3376.2000   7676.7500
    3376.2000   7472.0000   3580.9000   7676.7500
    3580.9000   7472.0000   3785.6000   7676.7500
    3785.6000   7472.0000   3990.3000   7676.7500
    3990.3000   7472.0000   4195.0000   7676.7500
    2148.0000   7676.7500   2352.7000   7881.5000
    2352.7000   7676.7500   2557.4000   7881.5000
    2557.4000   7676.7500   2762.1000   7881.5000
    2762.1000   7676.7500   2966.8000   7881.5000
    2966.8000   7676.7500   3171.5000   7881.5000
    3171.5000   7676.7500   3376.2000   7881.5000
    3376.2000   7676.7500   3580.9000   7881.5000
    3580.9000   7676.7500   3785.6000   7881.5000
    3785.6000   7676.7500   3990.3000   7881.5000
    3990.3000   7676.7500   4195.0000   7881.5000
    2148.0000   7881.5000   2352.7000   8086.2500
    2352.7000   7881.5000   2557.4000   8086.2500
    2557.4000   7881.5000   2762.1000   8086.2500
    2762.1000   7881.5000   2966.8000   8086.2500
    2966.8000   7881.5000   3171.5000   8086.2500
    3171.5000   7881.5000   3376.2000   8086.2500
    3376.2000   7881.5000   3580.9000   8086.2500
    3580.9000   7881.5000   3785.6000   8086.2500
    3785.6000   7881.5000   3990.3000   8086.2500
    3990.3000   7881.5000   4195.0000   8086.2500
    2148.0000   8086.2500   2352.7000   8291.0000
    2352.7000   8086.2500   2557.4000   8291.0000
    2557.4000   8086.2500   2762.1000   8291.0000
    2762.1000   8086.2500   2966.8000   8291.0000
    2966.8000   8086.2500   3171.5000   8291.0000
    3171.5000   8086.2500   3376.2000   8291.0000
    3376.2000   8086.2500   3580.9000   8291.0000
    3580.9000   8086.2500   3785.6000   8291.0000
    3785.6000   8086.2500   3990.3000   8291.0000
    3990.3000   8086.2500   4195.0000   8291.0000
    4296.0000   4196.0000   4500.7000   4400.7500
    4500.7000   4196.0000   4705.4000   4400.7500
    4705.4000   4196.0000   4910.1000   4400.7500
    4910.1000   4196.0000   5114.8000   4400.7500
    5114.8000   4196.0000   5319.5000   4400.7500
    5319.5000   4196.0000   5524.2000   4400.7500
    5524.2000   4196.0000   5728.9000   4400.7500
    5728.9000   4196.0000   5933.6000   4400.7500
    5933.6000   4196.0000   6138.3000   4400.7500
    6138.3000   4196.0000   6343.0000   4400.7500
    4296.0000   4400.7500   4500.7000   4605.5000
    4500.7000   4400.7500   4705.4000   4605.5000
    4705.4000   4400.7500   4910.1000   4605.5000
    4910.1000   4400.7500   5114.8000   4605.5000
    5114.8000   4400.7500   5319.5000   4605.5000
    5319.5000   4400.7500   5524.2000   4605.5000
    5524.2000   4400.7500   5728.9000   4605.5000
    5728.9000   4400.7500   5933.6000   4605.5000
    5933.6000   4400.7500   6138.3000   4605.5000
    6138.3000   4400.7500   6343.0000   4605.5000
    4296.0000   4605.5000   4500.7000   4810.2500
    4500.7000   4605.5000   4705.4000   4810.2500
    4705.4000   4605.5000   4910.1000   4810.2500
    4910.1000   4605.5000   5114.8000   4810.2500
    5114.8000   4605.5000   5319.5000   4810.2500
    5319.5000   4605.5000   5524.2000   4810.2500
    5524.2000   4605.5000   5728.9000   4810.2500
    5728.9000   4605.5000   5933.6000   4810.2500
    5933.6000   4605.5000   6138.3000   4810.2500
    6138.3000   4605.5000   6343.0000   4810.2500
    4296.0000   4810.2500   4500.7000   5015.0000
    4500.7000   4810.2500   4705.4000   5015.0000
    4705.4000   4810.2500   4910.1000   5015.0000
    4910.1000   4810.2500   5114.8000   5015.0000
    5114.8000   4810.2500   5319.5000   5015.0000
    5319.5000   4810.2500   5524.2000   5015.0000
    5524.2000   4810.2500   5728.9000   5015.0000
    5728.9000   4810.2500   5933.6000   5015.0000
    5933.6000   4810.2500   6138.3000   5015.0000
    6138.3000   4810.2500   6343.0000   5015.0000
    4296.0000   5015.0000   4500.7000   5219.7500
    4500.7000   5015.0000   4705.4000   5219.7500
    4705.4000   5015.0000   4910.1000   5219.7500
    4910.1000   5015.0000   5114.8000   5219.7500
    5114.8000   5015.0000   5319.5000   5219.7500
    5319.5000   5015.0000   5524.2000   5219.7500
    5524.2000   5015.0000   5728.9000   5219.7500
    5728.9000   5015.0000   5933.6000   5219.7500
    5933.6000   5015.0000   6138.3000   5219.7500
    6138.3000   5015.0000   6343.0000   5219.7500
    4296.0000   5219.7500   4500.7000   5424.5000
    4500.7000   5219.7500   4705.4000   5424.5000
    4705.4000   5219.7500   4910.1000   5424.5000
    4910.1000   5219.7500   5114.8000   5424.5000
    5114.8000   5219.7500   5319.5000   5424.5000
    5319.5000   5219.7500   5524.2000   5424.5000
    5524.2000   5219.7500   5728.9000   5424.5000
    5728.9000   5219.7500   5933.6000   5424.5000
    5933.6000   5219.7500   6138.3000   5424.5000
    6138.3000   5219.7500   6343.0000   5424.5000
    4296.0000   5424.5000   4500.7000   5629.2500
    4500.7000   5424.5000   4705.4000   5629.2500
    4705.4000   5424.5000   4910.1000   5629.2500
    4910.1000   5424.5000   5114.8000   5629.2500
    5114.8000   5424.5000   5319.5000   5629.2500
    5319.5000   5424.5000   5524.2000   5629.2500
    5524.2000   5424.5000   5728.9000   5629.2500
    5728.9000   5424.5000   5933.6000   5629.2500
    5933.6000   5424.5000   6138.3000   5629.2500
    6138.3000   5424.5000   6343.0000   5629.2500
    4296.0000   5629.2500   4500.7000   5834.0000
    4500.7000   5629.2500   4705.4000   5834.0000
    4705.4000   5629.2500   4910.1000   5834.0000
    4910.1000   5629.2500   5114.8000   5834.0000
    5114.8000   5629.2500   5319.5000   5834.0000
    5319.5000   5629.2500   5524.2000   5834.0000
    5524.2000   5629.2500   5728.9000   5834.0000
    5728.9000   5629.2500   5933.6000   5834.0000
    5933.6000   5629.2500   6138.3000   5834.0000
    6138.3000   5629.2500   6343.0000   5834.0000
    4296.0000   5834.0000   4500.7000   6038.7500
    4500.7000   5834.0000   4705.4000   6038.7500
    4705.4000   5834.0000   4910.1000   6038.7500
    4910.1000   5834.0000   5114.8000   6038.7500
    5114.8000   5834.0000   5319.5000   6038.7500
    5319.5000   5834.0000   5524.2000   6038.7500
    5524.2000   5834.0000   5728.9000   6038.7500
    5728.9000   5834.0000   5933.6000   6038.7500
    5933.6000   5834.0000   6138.3000   6038.7500
    6138.3000   5834.0000   6343.0000   6038.7500
    4296.0000   6038.7500   4500.7000   6243.5000
    4500.7000   6038.7500   4705.4000   6243.5000
    4705.4000   6038.7500   4910.1000   6243.5000
    4910.1000   6038.7500   5114.8000   6243.5000
    5114.8000   6038.7500   5319.5000   6243.5000
    5319.5000   6038.7500   5524.2000   6243.5000
    5524.2000   6038.7500   5728.9000   6243.5000
    5728.9000   6038.7500   5933.6000   6243.5000
    5933.6000   6038.7500   6138.3000   6243.5000
    6138.3000   6038.7500   6343.0000   6243.5000
    4296.0000   6243.5000   4500.7000   6448.2500
    4500.7000   6243.5000   4705.4000   6448.2500
    4705.4000   6243.5000   4910.1000   6448.2500
    4910.1000   6243.5000   5114.8000   6448.2500
    5114.8000   6243.5000   5319.5000   6448.2500
    5319.5000   6243.5000   5524.2000   6448.2500
    5524.2000   6243.5000   5728.9000   6448.2500
    5728.9000   6243.5000   5933.6000   6448.2500
    5933.6000   6243.5000   6138.3000   6448.2500
    6138.3000   6243.5000   6343.0000   6448.2500
    4296.0000   6448.2500   4500.7000   6653.0000
    4500.7000   6448.2500   4705.4000   6653.0000
    4705.4000   6448.2500   4910.1000   6653.0000
    4910.1000   6448.2500   5114.8000   6653.0000
    5114.8000   6448.2500   5319.5000   6653.0000
    5319.5000   6448.2500   5524.2000   6653.0000
    5524.2000   6448.2500   5728.9000   6653.0000
    5728.9000   6448.2500   5933.6000   6653.0000
    5933.6000   6448.2500   6138.3000   6653.0000
    6138.3000   6448.2500   6343.0000   6653.0000
    4296.0000   6653.0000   4500.7000   6857.7500
    4500.7000   6653.0000   4705.4000   6857.7500
    4705.4000   6653.0000   4910.1000   6857.7500
    4910.1000   6653.0000   5114.8000   6857.7500
    5114.8000   6653.0000   5319.5000   6857.7500
    5319.5000   6653.0000   5524.2000   6857.7500
    5524.2000   6653.0000   5728.9000   6857.7500
    5728.9000   6653.0000   5933.6000   6857.7500
    5933.6000   6653.0000   6138.3000   6857.7500
    6138.3000   6653.0000   6343.0000   6857.7500
    4296.0000   6857.7500   4500.7000   7062.5000
    4500.7000   6857.7500   4705.4000   7062.5000
    4705.4000   6857.7500   4910.1000   7062.5000
    4910.1000   6857.7500   5114.8000   7062.5000
    5114.8000   6857.7500   5319.5000   7062.5000
    5319.5000   6857.7500   5524.2000   7062.5000
    5524.2000   6857.7500   5728.9000   7062.5000
    5728.9000   6857.7500   5933.6000   7062.5000
    5933.6000   6857.7500   6138.3000   7062.5000
    6138.3000   6857.7500   6343.0000   7062.5000
    4296.0000   7062.5000   4500.7000   7267.2500
    4500.7000   7062.5000   4705.4000   7267.2500
    4705.4000   7062.5000   4910.1000   7267.2500
    4910.1000   7062.5000   5114.8000   7267.2500
    5114.8000   7062.5000   5319.5000   7267.2500
    5319.5000   7062.5000   5524.2000   7267.2500
    5524.2000   7062.5000   5728.9000   7267.2500
    5728.9000   7062.5000   5933.6000   7267.2500
    5933.6000   7062.5000   6138.3000   7267.2500
    6138.3000   7062.5000   6343.0000   7267.2500
    4296.0000   7267.2500   4500.7000   7472.0000
    4500.7000   7267.2500   4705.4000   7472.0000
    4705.4000   7267.2500   4910.1000   7472.0000
    4910.1000   7267.2500   5114.8000   7472.0000
    5114.8000   7267.2500   5319.5000   7472.0000
    5319.5000   7267.2500   5524.2000   7472.0000
    5524.2000   7267.2500   5728.9000   7472.0000
    5728.9000   7267.2500   5933.6000   7472.0000
    5933.6000   7267.2500   6138.3000   7472.0000
    6138.3000   7267.2500   6343.0000   7472.0000
    4296.0000   7472.0000   4500.7000   7676.7500
    4500.7000   7472.0000   4705.4000   7676.7500
    4705.4000   7472.0000   4910.1000   7676.7500
    4910.1000   7472.0000   5114.8000   7676.7500
    5114.8000   7472.0000   5319.5000   7676.7500
    5319.5000   7472.0000   5524.2000   7676.7500
    5524.2000   7472.0000   5728.9000   7676.7500
    5728.9000   7472.0000   5933.6000   7676.7500
    5933.6000   7472.0000   6138.3000   7676.7500
    6138.3000   7472.0000   6343.0000   7676.7500
    4296.0000   7676.7500   4500.7000   7881.5000
    4500.7000   7676.7500   4705.4000   7881.5000
    4705.4000   7676.7500   4910.1000   7881.5000
    4910.1000   7676.7500   5114.8000   7881.5000
    5114.8000   7676.7500   5319.5000   7881.5000
    5319.5000   7676.7500   5524.2000   7881.5000
    5524.2000   7676.7500   5728.9000   7881.5000
    5728.9000   7676.7500   5933.6000   7881.5000
    5933.6000   7676.7500   6138.3000   7881.5000
    6138.3000   7676.7500   6343.0000   7881.5000
    4296.0000   7881.5000   4500.7000   8086.2500
    4500.7000   7881.5000   4705.4000   8086.2500
    4705.4000   7881.5000   4910.1000   8086.2500
    4910.1000   7881.5000   5114.8000   8086.2500
    5114.8000   7881.5000   5319.5000   8086.2500
    5319.5000   7881.5000   5524.2000   8086.2500
    5524.2000   7881.5000   5728.9000   8086.2500
    5728.9000   7881.5000   5933.6000   8086.2500
    5933.6000   7881.5000   6138.3000   8086.2500
    6138.3000   7881.5000   6343.0000   8086.2500
    4296.0000   8086.2500   4500.7000   8291.0000
    4500.7000   8086.2500   4705.4000   8291.0000
    4705.4000   8086.2500   4910.1000   8291.0000
    4910.1000   8086.2500   5114.8000   8291.0000
    5114.8000   8086.2500   5319.5000   8291.0000
    5319.5000   8086.2500   5524.2000   8291.0000
    5524.2000   8086.2500   5728.9000   8291.0000
    5728.9000   8086.2500   5933.6000   8291.0000
    5933.6000   8086.2500   6138.3000   8291.0000
    6138.3000   8086.2500   6343.0000   8291.0000
    6444.0000   4196.0000   6648.7000   4400.7500
    6648.7000   4196.0000   6853.4000   4400.7500
    6853.4000   4196.0000   7058.1000   4400.7500
    7058.1000   4196.0000   7262.8000   4400.7500
    7262.8000   4196.0000   7467.5000   4400.7500
    7467.5000   4196.0000   7672.2000   4400.7500
    7672.2000   4196.0000   7876.9000   4400.7500
    7876.9000   4196.0000   8081.6000   4400.7500
    8081.6000   4196.0000   8286.3000   4400.7500
    8286.3000   4196.0000   8491.0000   4400.7500
    6444.0000   4400.7500   6648.7000   4605.5000
    6648.7000   4400.7500   6853.4000   4605.5000
    6853.4000   4400.7500   7058.1000   4605.5000
    7058.1000   4400.7500   7262.8000   4605.5000
    7262.8000   4400.7500   7467.5000   4605.5000
    7467.5000   4400.7500   7672.2000   4605.5000
    7672.2000   4400.7500   7876.9000   4605.5000
    7876.9000   4400.7500   8081.6000   4605.5000
    8081.6000   4400.7500   8286.3000   4605.5000
    8286.3000   4400.7500   8491.0000   4605.5000
    6444.0000   4605.5000   6648.7000   4810.2500
    6648.7000   4605.5000   6853.4000   4810.2500
    6853.4000   4605.5000   7058.1000   4810.2500
    7058.1000   4605.5000   7262.8000   4810.2500
    7262.8000   4605.5000   7467.5000   4810.2500
    7467.5000   4605.5000   7672.2000   4810.2500
    7672.2000   4605.5000   7876.9000   4810.2500
    7876.9000   4605.5000   8081.6000   4810.2500
    8081.6000   4605.5000   8286.3000   4810.2500
    8286.3000   4605.5000   8491.0000   4810.2500
    6444.0000   4810.2500   6648.7000   5015.0000
    6648.7000   4810.2500   6853.4000   5015.0000
    6853.4000   4810.2500   7058.1000   5015.0000
    7058.1000   4810.2500   7262.8000   5015.0000
    7262.8000   4810.2500   7467.5000   5015.0000
    7467.5000   4810.2500   7672.2000   5015.0000
    7672.2000   4810.2500   7876.9000   5015.0000
    7876.9000   4810.2500   8081.6000   5015.0000
    8081.6000   4810.2500   8286.3000   5015.0000
    8286.3000   4810.2500   8491.0000   5015.0000
    6444.0000   5015.0000   6648.7000   5219.7500
    6648.7000   5015.0000   6853.4000   5219.7500
    6853.4000   5015.0000   7058.1000   5219.7500
    7058.1000   5015.0000   7262.8000   5219.7500
    7262.8000   5015.0000   7467.5000   5219.7500
    7467.5000   5015.0000   7672.2000   5219.7500
    7672.2000   5015.0000   7876.9000   5219.7500
    7876.9000   5015.0000   8081.6000   5219.7500
    8081.6000   5015.0000   8286.3000   5219.7500
    8286.3000   5015.0000   8491.0000   5219.7500
    6444.0000   5219.7500   6648.7000   5424.5000
    6648.7000   5219.7500   6853.4000   5424.5000
    6853.4000   5219.7500   7058.1000   5424.5000
    7058.1000   5219.7500   7262.8000   5424.5000
    7262.8000   5219.7500   7467.5000   5424.5000
    7467.5000   5219.7500   7672.2000   5424.5000
    7672.2000   5219.7500   7876.9000   5424.5000
    7876.9000   5219.7500   8081.6000   5424.5000
    8081.6000   5219.7500   8286.3000   5424.5000
    8286.3000   5219.7500   8491.0000   5424.5000
    6444.0000   5424.5000   6648.7000   5629.2500
    6648.7000   5424.5000   6853.4000   5629.2500
    6853.4000   5424.5000   7058.1000   5629.2500
    7058.1000   5424.5000   7262.8000   5629.2500
    7262.8000   5424.5000   7467.5000   5629.2500
    7467.5000   5424.5000   7672.2000   5629.2500
    7672.2000   5424.5000   7876.9000   5629.2500
    7876.9000   5424.5000   8081.6000   5629.2500
    8081.6000   5424.5000   8286.3000   5629.2500
    8286.3000   5424.5000   8491.0000   5629.2500
    6444.0000   5629.2500   6648.7000   5834.0000
    6648.7000   5629.2500   6853.4000   5834.0000
    6853.4000   5629.2500   7058.1000   5834.0000
    7058.1000   5629.2500   7262.8000   5834.0000
    7262.8000   5629.2500   7467.5000   5834.0000
    7467.5000   5629.2500   7672.2000   5834.0000
    7672.2000   5629.2500   7876.9000   5834.0000
    7876.9000   5629.2500   8081.6000   5834.0000
    8081.6000   5629.2500   8286.3000   5834.0000
    8286.3000   5629.2500   8491.0000   5834.0000
    6444.0000   5834.0000   6648.7000   6038.7500
    6648.7000   5834.0000   6853.4000   6038.7500
    6853.4000   5834.0000   7058.1000   6038.7500
    7058.1000   5834.0000   7262.8000   6038.7500
    7262.8000   5834.0000   7467.5000   6038.7500
    7467.5000   5834.0000   7672.2000   6038.7500
    7672.2000   5834.0000   7876.9000   6038.7500
    7876.9000   5834.0000   8081.6000   6038.7500
    8081.6000   5834.0000   8286.3000   6038.7500
    8286.3000   5834.0000   8491.0000   6038.7500
    6444.0000   6038.7500   6648.7000   6243.5000
    6648.7000   6038.7500   6853.4000   6243.5000
    6853.4000   6038.7500   7058.1000   6243.5000
    7058.1000   6038.7500   7262.8000   6243.5000
    7262.8000   6038.7500   7467.5000   6243.5000
    7467.5000   6038.7500   7672.2000   6243.5000
    7672.2000   6038.7500   7876.9000   6243.5000
    7876.9000   6038.7500   8081.6000   6243.5000
    8081.6000   6038.7500   8286.3000   6243.5000
    8286.3000   6038.7500   8491.0000   6243.5000
    6444.0000   6243.5000   6648.7000   6448.2500
    6648.7000   6243.5000   6853.4000   6448.2500
    6853.4000   6243.5000   7058.1000   6448.2500
    7058.1000   6243.5000   7262.8000   6448.2500
    7262.8000   6243.5000   7467.5000   6448.2500
    7467.5000   6243.5000   7672.2000   6448.2500
    7672.2000   6243.5000   7876.9000   6448.2500
    7876.9000   6243.5000   8081.6000   6448.2500
    8081.6000   6243.5000   8286.3000   6448.2500
    8286.3000   6243.5000   8491.0000   6448.2500
    6444.0000   6448.2500   6648.7000   6653.0000
    6648.7000   6448.2500   6853.4000   6653.0000
    6853.4000   6448.2500   7058.1000   6653.0000
    7058.1000   6448.2500   7262.8000   6653.0000
    7262.8000   6448.2500   7467.5000   6653.0000
    7467.5000   6448.2500   7672.2000   6653.0000
    7672.2000   6448.2500   7876.9000   6653.0000
    7876.9000   6448.2500   8081.6000   6653.0000
    8081.6000   6448.2500   8286.3000   6653.0000
    8286.3000   6448.2500   8491.0000   6653.0000
    6444.0000   6653.0000   6648.7000   6857.7500
    6648.7000   6653.0000   6853.4000   6857.7500
    6853.4000   6653.0000   7058.1000   6857.7500
    7058.1000   6653.0000   7262.8000   6857.7500
    7262.8000   6653.0000   7467.5000   6857.7500
    7467.5000   6653.0000   7672.2000   6857.7500
    7672.2000   6653.0000   7876.9000   6857.7500
    7876.9000   6653.0000   8081.6000   6857.7500
    8081.6000   6653.0000   8286.3000   6857.7500
    8286.3000   6653.0000   8491.0000   6857.7500
    6444.0000   6857.7500   6648.7000   7062.5000
    6648.7000   6857.7500   6853.4000   7062.5000
    6853.4000   6857.7500   7058.1000   7062.5000
    7058.1000   6857.7500   7262.8000   7062.5000
    7262.8000   6857.7500   7467.5000   7062.5000
    7467.5000   6857.7500   7672.2000   7062.5000
    7672.2000   6857.7500   7876.9000   7062.5000
    7876.9000   6857.7500   8081.6000   7062.5000
    8081.6000   6857.7500   8286.3000   7062.5000
    8286.3000   6857.7500   8491.0000   7062.5000
    6444.0000   7062.5000   6648.7000   7267.2500
    6648.7000   7062.5000   6853.4000   7267.2500
    6853.4000   7062.5000   7058.1000   7267.2500
    7058.1000   7062.5000   7262.8000   7267.2500
    7262.8000   7062.5000   7467.5000   7267.2500
    7467.5000   7062.5000   7672.2000   7267.2500
    7672.2000   7062.5000   7876.9000   7267.2500
    7876.9000   7062.5000   8081.6000   7267.2500
    8081.6000   7062.5000   8286.3000   7267.2500
    8286.3000   7062.5000   8491.0000   7267.2500
    6444.0000   7267.2500   6648.7000   7472.0000
    6648.7000   7267.2500   6853.4000   7472.0000
    6853.4000   7267.2500   7058.1000   7472.0000
    7058.1000   7267.2500   7262.8000   7472.0000
    7262.8000   7267.2500   7467.5000   7472.0000
    7467.5000   7267.2500   7672.2000   7472.0000
    7672.2000   7267.2500   7876.9000   7472.0000
    7876.9000   7267.2500   8081.6000   7472.0000
    8081.6000   7267.2500   8286.3000   7472.0000
    8286.3000   7267.2500   8491.0000   7472.0000
    6444.0000   7472.0000   6648.7000   7676.7500
    6648.7000   7472.0000   6853.4000   7676.7500
    6853.4000   7472.0000   7058.1000   7676.7500
    7058.1000   7472.0000   7262.8000   7676.7500
    7262.8000   7472.0000   7467.5000   7676.7500
    7467.5000   7472.0000   7672.2000   7676.7500
    7672.2000   7472.0000   7876.9000   7676.7500
    7876.9000   7472.0000   8081.6000   7676.7500
    8081.6000   7472.0000   8286.3000   7676.7500
    8286.3000   7472.0000   8491.0000   7676.7500
    6444.0000   7676.7500   6648.7000   7881.5000
    6648.7000   7676.7500   6853.4000   7881.5000
    6853.4000   7676.7500   7058.1000   7881.5000
    7058.1000   7676.7500   7262.8000   7881.5000
    7262.8000   7676.7500   7467.5000   7881.5000
    7467.5000   7676.7500   7672.2000   7881.5000
    7672.2000   7676.7500   7876.9000   7881.5000
    7876.9000   7676.7500   8081.6000   7881.5000
    8081.6000   7676.7500   8286.3000   7881.5000
    8286.3000   7676.7500   8491.0000   7881.5000
    6444.0000   7881.5000   6648.7000   8086.2500
    6648.7000   7881.5000   6853.4000   8086.2500
    6853.4000   7881.5000   7058.1000   8086.2500
    7058.1000   7881.5000   7262.8000   8086.2500
    7262.8000   7881.5000   7467.5000   8086.2500
    7467.5000   7881.5000   7672.2000   8086.2500
    7672.2000   7881.5000   7876.9000   8086.2500
    7876.9000   7881.5000   8081.6000   8086.2500
    8081.6000   7881.5000   8286.3000   8086.2500
    8286.3000   7881.5000   8491.0000   8086.2500
    6444.0000   8086.2500   6648.7000   8291.0000
    6648.7000   8086.2500   6853.4000   8291.0000
    6853.4000   8086.2500   7058.1000   8291.0000
    7058.1000   8086.2500   7262.8000   8291.0000
    7262.8000   8086.2500   7467.5000   8291.0000
    7467.5000   8086.2500   7672.2000   8291.0000
    7672.2000   8086.2500   7876.9000   8291.0000
    7876.9000   8086.2500   8081.6000   8291.0000
    8081.6000   8086.2500   8286.3000   8291.0000
    8286.3000   8086.2500   8491.0000   8291.0000
