30 1 8 1 1551.51 96.2078 -0.0242494 0.0241553 1
30 1 8 1 1618.31 134.142 -0.0240382 0.0236976 1
30 1 4 1 681.622 110.896 -0.0240384 0.0211677 1
30 1 8 1 1461.76 165.355 -0.0229388 0.0239674 1
30 1 7 1 1383.53 201.24 -0.0234992 0.0246546 1
30 1 8 2 1553.81 210.604 -0.0257524 0.0228664 1
30 1 7 2 1322.89 249.458 -0.020858 0.0233506 1
30 1 2 2 376.507 230.563 -0.032737 0.02003 1
30 1 9 2 1644.06 319.162 -0.0222988 0.0268689 1
30 1 6 2 1205.67 343.183 -0.0200113 0.0231695 1
30 1 5 3 923.3 468.38 -0.0179275 0.0210486 1
30 1 7 3 1393.43 472.28 -0.0162653 0.02757 1
30 1 3 3 549.022 559.157 -0.0182321 0.0243437 1
30 1 5 3 911.486 579.384 -0.017508 0.0262782 1
30 1 3 3 487.371 612.591 -0.0190345 0.0302415 1
30 1 8 4 1606.72 715.469 -0.0202594 0.0262884 1
30 1 2 4 384.771 710.295 -0.016639 0.0266073 1
30 1 3 4 438.296 725.843 -0.0181183 0.0272076 1
30 1 8 5 1600.46 821.831 -0.0190813 0.0265637 1
30 1 2 5 376.07 829.324 -0.0150087 0.0257428 1
30 1 5 5 823.99 851.231 -0.0134617 0.0303496 1
30 1 5 5 924.547 897.574 -0.012561 0.0254016 1
30 1 3 5 559.31 867.902 -0.010777 0.0267724 1
30 1 6 5 1218.07 924.558 -0.0136427 0.027849 1
30 1 3 6 443.083 1041.45 -0.00936766 0.0282825 1
30 1 1 6 144.965 1065.11 -0.00994476 0.0281451 1
30 1 7 6 1377.52 1071.62 -0.0160477 0.0305298 1
30 1 1 6 61.0838 1149.83 -0.0121823 0.030082 1
30 1 9 6 1649.28 1094.91 -0.0148024 0.0256548 1
30 1 4 6 764.651 1109.67 -0.0124126 0.0264783 1
30 1 8 6 1625.22 1097.33 -0.0203043 0.0261372 1
30 1 6 6 1091.63 1173.74 -0.0110352 0.0266963 1
30 1 2 6 240.333 1156.52 -0.0134109 0.0222141 1
30 1 1 6 161.68 1195.28 -0.00803959 0.0278816 1
30 1 2 6 324.464 1217.19 -0.00885698 0.0306334 1
30 1 7 7 1287.31 1252.22 -0.0110409 0.0263806 1
30 1 8 7 1482.07 1257.13 -0.0150695 0.0257443 1
30 1 6 7 1026.35 1293.37 -0.00832231 0.0267222 1
30 1 8 7 1566.11 1289.77 -0.0124448 0.0251155 1
30 1 8 7 1602.28 1327.23 -0.0176021 0.0229343 1
30 1 8 7 1540.83 1380.45 -0.0131332 0.0243569 1
30 1 7 7 1307.47 1354.18 -0.0102852 0.0287632 1
30 1 10 8 1933.19 1452.6 -0.0154777 0.0235792 1
30 1 8 8 1569.52 1463.71 -0.0130345 0.0230215 1
30 1 5 8 926.417 1470.91 -0.00676467 0.0266096 1
30 1 3 8 494.661 1488.1 -0.00896871 0.0267158 1
30 1 4 8 617.569 1482.27 -0.00859778 0.0264162 1
30 1 4 8 696.79 1521.54 -0.00620229 0.0240551 1
30 1 6 8 1137.97 1535.18 -0.0101332 0.0278353 1
30 1 2 8 359.828 1624.87 -0.00627191 0.0254541 1
30 1 5 9 930.607 1638.01 -0.00566385 0.0266304 1
30 1 3 9 448.187 1738.37 -0.00567602 0.0242447 1
30 1 2 9 331.33 1742.08 -0.00831589 0.0238255 1
30 1 10 9 1992.02 1795.32 -0.0085369 0.0205088 1
30 1 1 10 201.293 1845.68 -0.00484553 0.0243875 1
30 1 1 10 125.337 1853.9 -0.00355116 0.0214395 1
30 1 9 10 1690.87 1859.37 -0.00670803 0.0208228 1
30 1 9 10 1828.45 1907.95 -0.00477188 0.0201351 1
30 1 9 10 1727.55 1902.21 -0.00575487 0.0176449 1
30 1 8 10 1622.61 1957.36 -0.00485886 0.0192322 1
30 1 8 10 1579.72 1949.83 -0.00283741 0.0263149 1
30 1 1 10 171.203 1994.76 -0.00279328 0.0238986 1
30 1 2 10 226.876 1968.73 -0.001491 0.0198058 1
30 1 10 11 1886.64 2061.86 -0.00300042 0.0178982 1
30 1 6 11 1123.96 2137.08 -0.0024928 0.0225548 1
30 1 8 11 1460.3 2093.23 -0.00410927 0.0242425 1
30 1 9 11 1756.48 2114.14 -0.00177979 0.0176349 1
30 1 4 11 816.753 2125.56 -0.00196851 0.0195601 1
30 1 4 11 768.513 2149.35 -0.000389767 0.0245883 1
30 1 2 11 277.045 2218.86 -0.000887243 0.0246947 1
30 1 10 12 1874.32 2296.13 -0.00545592 0.015495 1
30 1 2 12 264.656 2355.45 0.00305314 0.0241526 1
30 1 3 12 537.184 2408.89 0.00129277 0.0231763 1
30 1 7 12 1318.79 2367.93 -0.00100459 0.0193903 1
30 1 8 12 1518.95 2446.25 -0.00119648 0.0176994 1
30 1 6 13 1061.86 2500.2 0.00222939 0.0163331 1
30 1 6 13 1156.83 2470.44 0.00156017 0.018635 1
30 1 4 13 795.675 2544.35 0.00295231 0.0188162 1
30 1 6 13 1113.1 2596.76 -0.00608032 0.0169304 1
30 1 5 13 894.159 2638.54 0.00249283 0.0196178 1
30 1 10 13 1863.2 2647.54 0.000150799 0.00687346 1
30 1 5 14 902.46 2686.68 0.0044394 0.0168224 1
30 1 1 14 112.635 2768.04 0.00532876 0.0190095 1
30 1 8 14 1485.91 2812.59 0.00280218 0.0159795 1
30 1 10 15 1926.4 2924 0.00336112 0.0112467 1
30 1 10 15 1971.21 2901.37 -0.0011521 0.00838951 1
30 1 8 15 1451.01 2917.79 0.00155953 0.0125186 1
30 1 10 15 1912.38 3040.15 -0.000975532 0.0147203 1
30 1 7 19 1352.26 3837.1 0.0075263 0.00588269 1
30 1 9 20 1773.83 4014.61 0.00891773 0.00831925 1
30 1 8 18 1582.38 3592.71 0.00529991 0.0114964 1
30 1 9 19 1804.65 3887.97 0.00673852 0.00963527 1
30 1 5 18 842.521 3533.14 0.00797586 0.0125748 1
30 1 2 19 263.81 3737.17 0.0119554 0.0143279 1
30 1 3 20 460.767 3966.92 0.014677 0.0089331 1
30 1 10 19 1910.44 3746.15 0.00564508 0.00781382 1
30 1 8 20 1515 3964.94 0.00907845 0.00703622 1
30 1 2 18 403.757 3679.63 0.0100065 0.0140101 1
30 1 4 20 738.011 3911.4 0.0110041 0.0109667 1
30 1 6 17 1071.02 3293.05 0.00646247 0.0130174 1
30 1 5 17 988.262 3364.32 0.00789938 0.0134417 1
30 1 10 17 1992.48 3349.97 0.00336554 0.0120812 1
30 1 6 17 1070.63 3338.56 0.00644455 0.0151734 1
30 1 4 19 765.356 3890.01 0.0107941 0.00861861 1
30 1 10 19 1866.67 3822.61 0.00798238 0.0065283 1
30 1 8 16 1516.6 3200.09 0.00590675 0.0116088 1
30 1 4 20 794.331 3926.91 0.00763044 0.0081159 1
30 1 4 17 654.53 3277.81 0.0119882 0.0123356 1
30 2 9 1 1675.32 89.4987 -0.0294794 0.0149768 1
30 2 9 1 1694.04 204.098 -0.0263792 0.0160634 1
30 2 4 1 814.387 130.824 -0.0288204 0.0221867 1
30 2 2 1 349.018 129.997 -0.0261118 0.0224977 1
30 2 10 2 1927.89 210.791 -0.0293552 0.0150172 1
30 2 3 2 461.558 245.454 -0.02811 0.0257226 1
30 2 4 2 650.521 250.922 -0.0257593 0.021544 1
30 2 3 2 614.094 278.183 -0.028988 0.0220778 1
30 2 5 2 829.169 311.22 -0.0243052 0.0182295 1
30 2 8 2 1440.05 303.683 -0.02344 0.0155568 1
30 2 9 2 1655.29 331.153 -0.0244609 0.0132315 1
30 2 1 2 180.256 376.255 -0.0245569 0.024628 1
30 2 2 2 322.289 363.279 -0.0231346 0.0285428 1
30 2 1 2 176.269 405.104 -0.0285387 0.025355 1
30 2 7 3 1313 455.333 -0.0229953 0.0202604 1
30 2 1 3 139.302 528.658 -0.021734 0.0207593 1
30 2 1 3 172.932 569.991 -0.0229766 0.0230033 1
30 2 6 3 1194.82 579.439 -0.0261505 0.017565 1
30 2 2 4 221.739 727.61 -0.0249552 0.022217 1
30 2 2 4 255.488 727.169 -0.0254216 0.024101 1
30 2 5 4 1010.92 780.735 -0.0233543 0.0175751 1
30 2 5 4 947.722 808.543 -0.0212733 0.0186923 1
30 2 5 4 977.51 813.409 -0.0227688 0.0179347 1
30 2 10 5 1902.11 911.615 -0.0218199 0.00927347 1
30 2 4 5 734.368 904.58 -0.0235236 0.0224625 1
30 2 1 5 98.1387 933.397 -0.0228789 0.0248035 1
30 2 5 5 891.15 930.59 -0.0270169 0.0178881 1
30 2 7 5 1311.47 951.285 -0.0292022 0.0147767 1
30 2 10 5 1922.33 985.185 -0.0236342 0.0137625 1
30 2 5 5 911.051 1007.51 -0.0224266 0.0210517 1
30 2 5 6 826.492 1024.73 -0.0191356 0.0185636 1
30 2 9 6 1789.18 1161.87 -0.0268277 0.0139128 1
30 2 2 7 285.142 1237.09 -0.0181649 0.0217203 1
30 2 8 7 1614.18 1261.34 -0.0218328 0.0167246 1
30 2 6 7 1073.35 1274.45 -0.0230041 0.0136198 1
30 2 6 7 1117.21 1312.47 -0.0181587 0.0178127 1
30 2 1 7 75.2243 1287.57 -0.0180672 0.0257449 1
30 2 1 7 192.399 1304.56 -0.0195629 0.0237616 1
30 2 2 7 353.509 1335.65 -0.0207225 0.0180876 1
30 2 9 8 1833.41 1465.2 -0.0212299 0.00763157 1
30 2 6 8 1078.25 1490.31 -0.0203118 0.0193416 1
30 2 8 8 1575.6 1561.18 -0.0203247 0.0129436 1
30 2 2 8 307.032 1577.46 -0.0163925 0.020904 1
30 2 1 8 106.452 1607.76 -0.0159689 0.0238531 1
30 2 9 9 1661.89 1661.31 -0.0222483 0.00794055 1
30 2 6 9 1162 1674.59 -0.0129513 0.0176054 1
30 2 6 9 1157.11 1710.61 -0.017348 0.0169209 1
30 2 10 9 1925.12 1785.12 -0.013626 0.013906 1
30 2 6 9 1205.93 1814.34 -0.0132949 0.0135825 1
30 2 3 10 435.723 1960.95 -0.00549068 0.0163511 1
30 2 1 10 135.044 2006.56 -0.00949632 0.0199362 1
30 2 5 11 940.589 2076.2 -0.00984226 0.016957 1
30 2 2 11 208.627 2103.35 -0.00994682 0.0193164 1
30 2 9 11 1695.45 2176.88 -0.00999498 0.0124377 1
30 2 9 11 1647.09 2196.53 -0.0117093 0.00833383 1
30 2 8 12 1545.31 2255.7 -0.0120499 0.0113302 1
30 2 6 12 1100.72 2368.66 -0.00672391 0.0145112 1
30 2 10 12 1878.51 2371.43 -0.00997595 0.0123637 1
30 2 8 12 1568.52 2381.48 -0.00669639 0.00852733 1
30 2 7 12 1329.42 2387.49 -0.00911545 0.0205241 1
30 2 1 12 132.037 2402.65 -0.00619146 0.0173648 1
30 2 7 12 1252.74 2446.74 -0.00705641 0.0137282 1
30 2 1 13 66.9281 2469.07 -0.00387745 0.0149326 1
30 2 2 13 379.441 2513.13 -0.00800552 0.0126555 1
30 2 8 13 1483.12 2561.07 -0.0100402 0.0114176 1
30 2 8 13 1456.82 2556.76 -0.00785464 0.0115202 1
30 2 9 13 1708.54 2585.75 0.00104123 0.0131976 1
30 2 9 13 1785.88 2596.24 -0.00686368 0.0117734 1
30 2 4 13 691.473 2626.26 -0.0070736 0.0154734 1
30 2 8 14 1464.62 2709.96 -0.0063303 0.014744 1
30 2 7 14 1245.78 2713.57 -0.00420542 0.0203264 1
30 2 6 14 1105.87 2720.15 -0.00847604 0.0121644 1
30 2 7 14 1362.02 2758.76 -0.0114657 0.00583102 1
30 2 5 14 830.804 2786.33 -0.00632738 0.0144819 1
30 2 3 14 421.59 2827.06 -0.00332501 0.014465 1
30 2 8 15 1587.05 2973.4 -0.0105533 0.00689366 1
30 2 6 15 1199.11 3004.67 -0.0042713 0.0107279 1
30 2 8 15 1582.91 3014.04 -0.00457416 0.00673248 1
30 2 7 15 1419.01 3046.28 0.00112399 0.00831488 1
30 2 6 15 1165.53 3052.28 -0.00157387 0.0104843 1
30 2 5 16 937.67 3071.98 -0.00992345 0.0124259 1
30 2 10 16 1881.06 3120.58 -0.00180869 0.00331799 1
30 2 6 16 1107.5 3105.84 -0.00445213 0.00945207 1
30 2 8 16 1439.77 3108.97 -0.00128716 0.00698383 1
30 2 9 16 1716.6 3238.46 0.0028446 0.00580199 1
30 2 7 16 1405.7 3236.15 -0.000703594 0.00723254 1
30 2 5 18 917.249 3661.07 0.0018696 0.00771958 1
30 2 4 19 694.969 3783.26 0.00400376 0.00589824 1
30 2 1 19 88.4742 3859.09 0.00525926 0.0111659 1
30 2 1 19 151.002 3712.6 0.00517841 0.0140983 1
30 2 9 19 1774.12 3878.11 0.00098349 0.0036954 1
30 2 7 19 1431.72 3734.41 0.00145509 0.00517308 1
30 2 4 19 702.495 3746.61 0.00383191 0.00887323 1
30 2 7 19 1316.61 3715.3 -0.000825098 0.00669861 1
30 2 3 18 588.483 3669.4 0.0011535 0.00903464 1
30 2 3 18 423.979 3626.8 0.00326168 0.0110193 1
30 2 9 18 1778.46 3617.52 0.00357703 0.00329371 1
30 2 9 18 1814.98 3562.96 0.000276564 -0.00388443 1
30 2 8 18 1526.87 3518.34 0.00101388 0.00807195 1
30 2 2 18 304.256 3488.17 -0.0064873 0.0194391 1
30 2 8 17 1585.55 3385.45 0.00313443 0.0061262 1
30 2 7 17 1395.97 3393.24 0.00098348 0.00755093 1
30 2 4 17 777.16 3297.23 -0.00564253 0.0138621 1
30 2 6 18 1077.64 3572.2 0.00188052 0.00800075 1
30 2 10 17 1949.36 3307.62 -0.00482657 0.00656281 1
30 2 8 18 1602.7 3533.85 -0.00175973 0.00454044 1
30 2 3 16 583.49 3215.33 -0.00273573 0.0159467 1
30 2 4 17 652.218 3315.01 -0.00185879 0.0112832 1
30 2 8 16 1569.93 3258.56 -0.00104129 0.00609569 1
30 2 3 16 528.57 3214.64 -0.00276019 0.017575 1
30 2 6 16 1059.98 3158.92 -0.00431022 0.012312 1
30 2 4 20 792.419 4013.04 0.00329016 0.00715875 1
30 2 7 20 1333.4 4034.85 0.00379007 0.00339352 1
30 2 8 20 1527.78 3974.48 -0.000791473 0.00354796 1
30 3 10 1 1922.01 48.7868 -0.0156699 0.0026176 1
30 3 7 1 1430.3 81.3723 -0.0217299 0.000347605 1
30 3 7 2 1349.19 218.958 -0.0181426 0.00539397 1
30 3 8 2 1530.94 295.056 -0.0160433 0.00287207 1
30 3 10 2 1853.83 275.542 -0.0119416 0.00481654 1
30 3 4 2 697.205 301.996 -0.0153847 0.00533404 1
30 3 1 2 181.191 341.802 -0.0201424 0.0100763 1
30 3 6 2 1123.61 331.33 -0.0167805 0.00532405 1
30 3 8 2 1613.57 361.978 -0.0154285 0.00395586 1
30 3 3 2 567.945 385.864 -0.0197354 0.00840248 1
30 3 2 3 350.966 419.584 -0.019755 0.00629705 1
30 3 3 3 433.281 424.088 -0.0187994 0.0066098 1
30 3 6 3 1070.29 498.529 -0.0162239 0.00371022 1
30 3 2 3 403.379 479.96 -0.0191715 0.0080462 1
30 3 4 4 750.251 713.484 -0.0184096 0.00385423 1
30 3 5 4 1000.28 794.682 -0.0166095 -0.000167084 1
30 3 4 5 729.333 874.953 -0.0125799 0.00473089 1
30 3 3 5 584.247 903.128 -0.014955 0.00465341 1
30 3 5 5 915.889 903.713 -0.0109363 -0.00144828 1
30 3 7 5 1356.56 920.232 -0.0103464 -0.0043291 1
30 3 8 5 1435.89 946.227 -0.0109275 -0.00624176 1
30 3 9 5 1832.26 939.18 -0.0133374 -0.00396542 1
30 3 2 5 256.983 1021.32 -0.0141526 0.00489452 1
30 3 9 5 1708.89 1007.72 -0.0114931 -0.00478314 1
30 3 1 6 165.788 1056.01 -0.0164531 0.00703126 1
30 3 9 6 1700.09 1102.98 -0.00939396 -0.00432283 1
30 3 5 6 876.913 1098.77 -0.0149234 0.00163548 1
30 3 5 6 968.464 1124.27 -0.0152668 0.00147213 1
30 3 5 6 836.466 1132.62 -0.0141864 0.0024338 1
30 3 9 6 1789.54 1160.05 -0.00886876 -0.00401308 1
30 3 10 7 1890.1 1240.96 -0.0101737 3.93937e-06 1
30 3 6 7 1042.96 1310.95 -0.012424 0.000410776 1
30 3 5 7 981.284 1330.74 -0.01544 -0.00037813 1
30 3 3 7 481.225 1336.62 -0.0122122 0.00487829 1
30 3 6 7 1174.69 1344.93 -0.0114177 -0.00100655 1
30 3 7 7 1297.61 1373.8 -0.0122038 -0.00433386 1
30 3 6 7 1112.73 1401.77 -0.011367 -0.00130412 1
30 3 5 8 953.88 1448.77 -0.0143934 0.0022173 1
30 3 9 8 1639.11 1567.48 -0.0116082 -0.0039926 1
30 3 8 8 1500.23 1543.03 -0.0112997 -0.00435773 1
30 3 2 8 364.357 1548.94 -0.0094579 0.00111606 1
30 3 2 8 245.161 1545.37 -0.014057 0.00692673 1
30 3 3 8 434.51 1609.56 -0.0128011 0.00368056 1
30 3 2 8 328.476 1614.67 -0.0127459 0.00289897 1
30 3 7 8 1336.31 1618.2 -0.0103858 -0.00135354 1
30 3 1 9 84.943 1639.27 -0.0122123 0.0020363 1
30 3 8 9 1587.54 1709.27 -0.00693972 -0.00489728 1
30 3 7 9 1276.62 1728.84 -0.0119124 -0.00288374 1
30 3 6 9 1137.65 1774.66 -0.00901628 -0.0031391 1
30 3 1 9 147.937 1771.43 -0.00951459 0.000902978 1
30 3 4 10 676.595 1862.72 -0.00892992 -0.000494135 1
30 3 7 10 1305.27 1863.76 -0.0143008 -0.00200851 1
30 3 3 10 413.089 1877.59 -0.00895765 0.00264111 1
30 3 6 10 1091.38 1920.84 -0.0112161 -0.00159981 1
30 3 6 10 1041.25 1955.77 -0.0102409 -0.00314786 1
30 3 2 10 337.688 2031 -0.00647868 0.00404972 1
30 3 4 11 715.814 2051.64 -0.00782794 0.0019341 1
30 3 1 11 183.998 2085.25 -0.00868306 0.000969313 1
30 3 8 11 1612.51 2082.13 -0.000981361 -0.00704123 1
30 3 1 11 174.284 2127.25 -0.00497541 4.5355e-06 1
30 3 3 11 535.605 2120.97 -0.00589324 0.000857341 1
30 3 3 11 510.279 2172.79 -0.00766255 0.00111784 1
30 3 7 11 1337.49 2228.88 -0.00194739 -0.0111083 1
30 3 10 12 1940.24 2288.13 -0.000353972 -0.00721842 1
30 3 9 12 1712.05 2348.41 0.000796772 -0.00903476 1
30 3 8 12 1588.04 2350.71 -0.00121656 -0.0078284 1
30 3 8 12 1502.24 2386.18 0.000342901 -0.00771473 1
30 3 5 12 852.151 2392.56 -0.00407586 -0.00304338 1
30 3 2 13 326.395 2511.43 -0.0039009 0.00276745 1
30 3 10 13 1916.12 2517.44 -0.000442883 -0.00694152 1
30 3 1 13 111.11 2558.54 -0.00608641 0.00317644 1
30 3 6 13 1146.7 2573.07 0.00183437 -0.00240739 1
30 3 9 14 1646.33 2694.56 -0.00265454 -0.005249 1
30 3 8 14 1586.54 2685.96 -0.00608179 -0.00798601 1
30 3 7 14 1271.46 2690.49 -0.00315381 -0.0025339 1
30 3 8 14 1625.2 2729.32 -0.00436036 -0.00262978 1
30 3 2 14 227.478 2755.91 -0.00371244 0.00331802 1
30 3 1 14 44.1188 2780.37 -0.00379014 0.0033059 1
30 3 4 14 780.815 2862 -0.00510593 0.00194924 1
30 3 8 15 1548.4 2910.52 -0.00085316 -0.002953 1
30 3 8 15 1482.23 2921.83 -0.000385106 -0.00232408 1
30 3 2 15 283.803 2937.5 -0.00219939 0.00334564 1
30 3 2 15 251.59 2935.54 -0.00433304 0.00535624 1
30 3 4 15 657.052 2996.02 -0.0031946 0.0014841 1
30 3 9 15 1718.97 3012.8 0.000603449 -0.00626959 1
30 3 3 16 489.651 3099.85 0.00132197 0.000409558 1
30 3 8 16 1483.51 3122.16 -0.00104069 -0.0022248 1
30 3 3 19 542.762 3832.68 0.000748988 0.00396821 1
30 3 10 16 1996.97 3157.2 9.09662e-05 -0.00629789 1
30 3 2 19 299.683 3801.43 0.000690249 0.00571772 1
30 3 3 19 613.452 3789.78 -0.000746288 0.00381076 1
30 3 10 19 1909.66 3714.86 0.00269763 -0.00126065 1
30 3 10 16 1978.63 3140.56 0.00495977 -0.00762293 1
30 3 6 18 1074.2 3650.98 -0.000460044 0.000329887 1
30 3 4 17 726.344 3425.17 -0.000192125 0.00385067 1
30 3 7 18 1273.66 3557.68 -0.000377848 -0.00124489 1
30 3 8 18 1484.29 3481.05 0.00104412 -0.00369629 1
30 3 2 18 235.669 3504.03 -0.000112376 0.00301024 1
30 3 7 17 1264.54 3296.02 -0.00282544 0.00102379 1
30 3 5 16 916.365 3237.61 -0.00350353 0.00149978 1
30 3 7 18 1300.9 3635.66 0.00189536 -0.00126245 1
30 3 7 16 1382.1 3219.84 -0.00215923 0.00546557 1
30 3 2 19 296.009 3876.7 -0.00115445 0.00692799 1
30 3 7 16 1401.01 3246.04 -0.00329021 -0.00307049 1
30 3 2 20 295.546 4042.56 0.00196269 0.0107629 1
30 3 3 20 466.979 3964.74 0.00511602 0.00500447 1
30 3 5 20 869.003 3995.37 -0.00166849 4.8392e-05 1
30 3 2 16 365.427 3214.02 -0.00402106 0.000882359 1
30 3 9 20 1804.31 3944.04 0.000502258 -0.000652407 1
30 3 2 16 296.703 3194.72 -0.000442266 0.00195832 1
30 3 8 20 1543.19 4032.98 0.002017 0.00122426 1
30 3 2 20 272.805 3912.87 0.00139403 0.00670226 1
30 4 9 1 1819.94 51.5415 -0.0242729 0.0125812 1
30 4 6 1 1200.33 77.3545 -0.0237665 0.00587672 1
30 4 8 1 1618.23 133.764 -0.0222821 0.0124293 1
30 4 2 1 314.417 142.459 -0.0103179 0.00462444 1
30 4 3 1 579.7 153.153 -0.0188999 0.00832409 1
30 4 3 1 560.369 178.331 -0.0210475 0.00711635 1
30 4 6 1 1149.5 185.702 -0.021531 0.00513351 1
30 4 9 2 1656.83 233.3 -0.0211162 0.0113728 1
30 4 3 2 500.143 236.327 -0.0240589 -0.00479006 1
30 4 1 2 62.6174 279.479 -0.0202187 0.00495857 1
30 4 7 2 1404.89 276.569 -0.0195188 0.0103475 1
30 4 8 2 1498.67 348.588 -0.0195879 0.00604562 1
30 4 10 2 1943.86 350.118 -0.0216868 0.01398 1
30 4 4 2 637.908 381.434 -0.0197949 0.00172284 1
30 4 9 2 1801.19 396.895 -0.0182755 0.0087104 1
30 4 5 3 953.995 418.258 -0.0176693 0.00605523 1
30 4 9 3 1650.34 436.579 -0.0189681 0.00321703 1
30 4 7 3 1379.48 437.29 -0.0143826 0.00867485 1
30 4 9 3 1819.68 592.818 -0.0168688 0.00264668 1
30 4 8 3 1535.76 540.427 -0.0171475 0.000731755 1
30 4 6 3 1217.13 599.509 -0.0170369 0.00977247 1
30 4 1 4 84.7293 722.951 -0.0201034 0.000511202 1
30 4 1 4 132.009 721.217 -0.0159737 -0.00108084 1
30 4 3 4 540.607 716.27 -0.0167383 0.00145464 1
30 4 9 4 1744.61 765.931 -0.0154597 -0.000771451 1
30 4 4 5 636.274 879.976 -0.0164881 -0.000724723 1
30 4 8 5 1524.61 887.851 -0.0145918 -0.00257565 1
30 4 1 5 122.364 958.896 -0.0168495 -0.00200515 1
30 4 3 5 532.189 994.752 -0.0141662 -0.00726279 1
30 4 1 6 201.335 1043.77 -0.0157805 -0.00326847 1
30 4 1 6 164.133 1050.93 -0.00937666 -0.00664783 1
30 4 1 6 128.297 1051.22 -0.0155166 0.00108054 1
30 4 3 6 439.71 1072.04 -0.0142916 -0.00492342 1
30 4 8 6 1554.43 1073.29 -0.0141101 -0.00496057 1
30 4 2 6 296.762 1077.9 -0.0189059 -0.00327791 1
30 4 1 6 195.984 1078.03 -0.0217146 -0.00611847 1
30 4 8 6 1520.97 1085.52 -0.00963138 -0.00401181 1
30 4 6 6 1094.63 1105.65 -0.0165584 -0.00228031 1
30 4 3 6 470.268 1146.54 -0.0114404 -0.00686523 1
30 4 9 7 1702.07 1275.29 -0.0139417 9.72068e-06 1
30 4 1 7 164.158 1355.25 -0.00806959 -0.00885011 1
30 4 9 7 1695.54 1350.82 -0.0109123 -0.0106108 1
30 4 7 7 1339.57 1408.37 -0.00853082 -0.00524324 1
30 4 8 8 1585.12 1473.34 -0.0128578 -0.00854539 1
30 4 9 8 1822.15 1590.86 -0.00960505 -0.00887131 1
30 4 1 9 46.7005 1647.47 -0.00646524 -0.00562432 1
30 4 2 9 280.434 1665.38 -0.00669565 -0.00828345 1
30 4 10 9 1955.23 1682.45 -0.00783307 -0.0103241 1
30 4 5 9 920.166 1702.47 -0.00493139 -0.00955247 1
30 4 8 9 1515.09 1709.66 -0.00134631 -0.0117779 1
30 4 2 9 370.692 1723.7 -0.00315113 -0.00939998 1
30 4 10 10 1992.03 1846.5 -0.00366324 -0.0114043 1
30 4 7 10 1302.36 1902.95 -0.00520745 -0.010401 1
30 4 6 10 1200.12 1961.17 -0.00402125 -0.00960469 1
30 4 7 10 1343.42 1984.89 -0.00376086 -0.00741381 1
30 4 6 10 1188.07 1988.74 -0.010036 -0.00880961 1
30 4 8 11 1444.38 2096.4 -0.00471655 -0.010808 1
30 4 1 11 44.6691 2149.25 -0.00436795 -0.00840955 1
30 4 6 11 1056.16 2145.98 -0.00284514 -0.0107306 1
30 4 5 11 999.976 2212.59 0.0050024 -0.00728606 1
30 4 9 12 1773.57 2263.28 -0.000867637 -0.0127559 1
30 4 2 12 390.742 2278.66 -0.00576038 -0.00939232 1
30 4 5 12 838.395 2292.65 -0.00207829 -0.00960089 1
30 4 4 12 694.392 2349.93 -0.00188465 -0.00927881 1
30 4 5 12 973.976 2456.92 -0.000943999 -0.00939527 1
30 4 1 12 79.8455 2455.72 -0.00366608 -0.00699554 1
30 4 3 13 415.556 2550.17 -0.000993787 -0.0095836 1
30 4 7 13 1409.37 2570.26 0.0010458 -0.0144999 1
30 4 8 13 1453.39 2615.01 0.00249609 -0.0131158 1
30 4 4 13 704.987 2611.9 -0.00321854 -0.00951793 1
30 4 3 13 610.193 2642.72 -0.00104335 -0.0107891 1
30 4 2 13 369.059 2631.66 -0.00489326 -0.0132222 1
30 4 3 14 534.55 2671.61 -0.000473636 -0.0104363 1
30 4 6 14 1187.95 2687.84 0.00214867 -0.0124327 1
30 4 3 14 515.029 2692.5 -2.11469e-05 -0.0148152 1
30 4 7 14 1315.06 2760.32 0.001888 -0.0116225 1
30 4 1 14 129.119 2796.33 0.0048283 -0.00640258 1
30 4 10 14 1853.57 2846.26 0.00258874 -0.0135454 1
30 4 7 15 1255.71 2891.61 0.0012243 -0.0107619 1
30 4 2 15 244.797 2891.82 0.00370521 -0.0132296 1
30 4 9 15 1694.34 2918.47 0.00301527 -0.0128297 1
30 4 9 15 1776.82 2937.58 0.00328959 -0.0112601 1
30 4 4 15 756.842 2943.15 0.000832678 -0.00702467 1
30 4 9 18 1796.4 3531.79 0.0089951 -0.0119893 1
30 4 3 18 458.229 3531.46 0.00394315 -0.00656661 1
30 4 7 17 1322.47 3465.56 0.0053982 -0.00613699 1
30 4 3 19 507.531 3818.89 0.00636163 -0.0111095 1
30 4 3 19 555.098 3686.93 0.00618026 -0.00252119 1
30 4 3 18 453.676 3654.3 0.00641591 -0.00212193 1
30 4 9 18 1704.77 3635.84 0.00733547 -0.0096953 1
30 4 7 18 1306.67 3538.89 0.00508311 -0.0017712 1
30 4 9 16 1681.32 3211.67 0.00396476 -0.00973794 1
30 4 10 18 1994.03 3504.29 0.0121535 -0.0162012 1
30 4 6 17 1035.16 3454.51 0.00427078 -0.00760474 1
30 4 1 17 66.1357 3376.48 -0.000724393 -0.00174511 1
30 4 1 19 100.728 3889.45 0.00111384 -0.00157536 1
30 4 5 17 924.801 3334.88 0.00359468 -0.00589799 1
30 4 10 17 1904.21 3336.06 0.00626099 -0.0109586 1
30 4 7 17 1233.2 3327.08 0.00361001 -0.00799538 1
30 4 10 17 1961.24 3298.51 0.00611177 -0.0115394 1
30 4 4 17 671.235 3278.95 0.00391385 -0.00753506 1
30 4 1 16 75.2579 3271.5 0.00205124 -0.00702234 1
30 4 9 16 1708.05 3231.96 0.00667181 -0.00888297 1
30 4 5 16 852.214 3159.65 0.00400058 -0.00722746 1
30 4 5 20 931.86 4027.65 0.00322107 -0.0027592 1
30 5 7 1 1428.25 53.8026 -0.00365026 0.0131539 1
30 5 5 1 918.382 83.1589 0.0114097 0.0100383 1
30 5 6 1 1108.33 96.6367 0.0108598 0.0102384 1
30 5 7 1 1326.67 130.227 0.0113673 0.00828195 1
30 5 7 1 1332.68 179.537 0.00820349 0.00805222 1
30 5 6 2 1074.19 209.188 0.0126024 0.00649792 1
30 5 1 2 137.182 213.184 0.0197105 0.010884 1
30 5 9 2 1814.14 298.689 0.00800733 0.00666128 1
30 5 4 2 730.151 321.44 0.0155628 0.00966984 1
30 5 8 2 1565.24 332.699 0.00995617 0.00543834 1
30 5 5 2 1008.08 340.884 0.0137893 0.00765724 1
30 5 3 2 509.971 392.486 0.017932 0.0111489 1
30 5 5 2 885.4 381.777 0.0161805 0.00897817 1
30 5 7 3 1299.43 417.005 0.00982722 0.014862 1
30 5 1 3 202.033 443.377 0.0184816 0.0090114 1
30 5 7 3 1356.58 479.15 0.0146707 0.00396007 1
30 5 6 3 1164.53 484.627 0.0166202 0.00752176 1
30 5 4 3 796.054 551.122 0.01906 0.00973899 1
30 5 7 3 1408.13 553.289 0.0142594 0.00444172 1
30 5 9 3 1698.35 612.439 0.0139925 0.0025231 1
30 5 10 4 1862.74 629.008 0.0122591 0.00263874 1
30 5 6 4 1074.66 664.98 0.0192715 0.00294631 1
30 5 2 4 395.532 708.652 0.0226532 0.00733024 1
30 5 4 4 734.508 778.878 0.0167351 0.0043986 1
30 5 2 4 395.99 776.787 0.0267417 0.00374911 1
30 5 6 4 1201.1 787.073 0.0161899 0.00703511 1
30 5 1 4 128.83 809.265 0.0236973 0.00659356 1
30 5 4 5 790.676 862.953 0.0218191 0.00404306 1
30 5 3 5 582.741 872.377 0.0185731 0.00672809 1
30 5 4 5 627.806 872.847 0.0196325 0.0055227 1
30 5 6 5 1151.64 880.37 0.0155151 0.00592965 1
30 5 4 5 661.513 985.814 0.0226139 -0.000112828 1
30 5 1 6 124.341 1108.86 0.0220108 0.0031874 1
30 5 5 6 846.005 1205.6 0.0217389 0.00196544 1
30 5 7 6 1388.37 1213.71 0.0215294 -0.0014341 1
30 5 9 7 1710.9 1293.53 0.0161171 -0.00105977 1
30 5 5 7 907.697 1310.91 0.0204756 -2.10101e-05 1
30 5 8 7 1498.4 1394.07 0.019248 -0.00261944 1
30 5 4 8 740.576 1479.18 0.0243467 -0.00310888 1
30 5 3 9 431.325 1642.29 0.0248281 -0.000549546 1
30 5 6 9 1218.49 1663.82 0.0186998 -0.00458301 1
30 5 1 9 152.886 1761.78 0.0292551 1.22889e-06 1
30 5 8 9 1514.99 1765.34 0.0170981 -0.00257191 1
30 5 6 9 1105.42 1793.41 0.0211887 -0.00254396 1
30 5 8 9 1629.01 1822.29 0.0174695 -0.00626712 1
30 5 3 9 442.565 1841.85 0.0295033 -0.003956 1
30 5 5 10 990.231 1851.3 0.0225114 -0.00297909 1
30 5 5 10 966.222 1881.81 0.0237885 -0.00474434 1
30 5 3 10 572.895 1894.11 0.0288622 -0.00719058 1
30 5 1 10 158.121 1909.57 0.0276969 -0.00110135 1
30 5 3 10 546.213 1930.64 0.0262451 -0.00305146 1
30 5 7 10 1389.08 1926.26 0.0200458 -0.00628278 1
30 5 4 10 816.18 1933.83 0.024788 -0.00513304 1
30 5 5 10 1007.39 1962.63 0.0231315 -0.0062607 1
30 5 6 10 1128.45 1982.59 0.0214625 -0.00217025 1
30 5 9 10 1806.52 1984.33 0.0164879 -0.00644479 1
30 5 7 10 1397.54 2000.12 0.0150318 -0.00352456 1
30 5 8 10 1632.53 2040.22 0.0151976 -0.00665889 1
30 5 9 11 1794.97 2150.46 0.0183053 -0.00790107 1
30 5 8 11 1486.59 2185.43 0.0190605 -0.00835413 1
30 5 8 11 1451.5 2201.12 0.0198676 -0.00758487 1
30 5 1 11 48.4527 2214.02 0.0312963 0.00161634 1
30 5 6 12 1051.54 2327.53 0.0245872 -0.00480836 1
30 5 5 12 1004.72 2335.98 0.0254748 -0.00539076 1
30 5 9 12 1827.31 2376.34 0.0199578 -0.00919806 1
30 5 8 13 1563.51 2504.94 0.0196536 -0.00874949 1
30 5 3 13 474.085 2581.23 0.0281474 -0.00391911 1
30 5 9 13 1771.54 2579.48 0.0210147 -0.00662858 1
30 5 1 13 124.66 2603 0.0313102 0.0025619 1
30 5 8 14 1561.32 2703.37 0.0231208 -0.00872673 1
30 5 4 14 630.129 2757.45 0.0287458 -0.00436777 1
30 5 10 14 1947.92 2800.33 0.0191735 -0.0114764 1
30 5 3 14 529.779 2817.89 0.0287605 -0.00364688 1
30 5 3 14 461.242 2865.44 0.0291415 -0.00367303 1
30 5 6 15 1166.15 2897.89 0.0190607 -0.00611623 1
30 5 2 15 213.683 2927.52 0.0314037 -0.00195293 1
30 5 8 15 1522.86 2970.88 0.0238912 -0.0115563 1
30 5 9 15 1800.2 2991.83 0.0200875 -0.0122995 1
30 5 4 15 811.457 3057.11 0.0258231 -0.00495648 1
30 5 3 15 420.553 3055.49 0.031718 -0.00280155 1
30 5 8 16 1566.95 3111.57 0.0251436 -0.0124798 1
30 5 2 16 332.149 3129.13 0.0299782 -0.00520074 1
30 5 5 19 820.172 3720.6 0.0321074 -0.00834842 1
30 5 5 19 993.861 3846.9 0.0306932 -0.0106875 1
30 5 1 20 178.518 4007.58 0.0383792 0.00260128 1
30 5 7 19 1292.33 3819.52 0.027287 -0.013736 1
30 5 3 18 505.935 3531.52 0.0297651 -0.00690935 1
30 5 7 18 1290.19 3643.99 0.0282637 -0.0158613 1
30 5 8 18 1577.94 3539.47 0.0232155 -0.0143499 1
30 5 4 17 780.228 3448.88 0.0323032 -0.00890152 1
30 5 4 18 691.246 3554.19 0.0307742 -0.0078386 1
30 5 3 18 565.085 3511.06 0.0298695 -0.00421118 1
30 5 5 18 978.859 3516.42 0.0287316 -0.0101607 1
30 5 4 17 723.174 3432.94 0.0302758 -0.00769838 1
30 5 2 16 342.951 3259.18 0.035209 -0.00723372 1
30 5 4 20 677.175 3952.18 0.0313053 -0.00353701 1
30 5 6 17 1077.99 3311.89 0.0296705 -0.0096187 1
30 5 3 17 548.089 3291.05 0.0301711 -0.0123402 1
30 5 9 19 1676.55 3715.78 0.0229734 -0.0142078 1
30 5 10 19 1895.7 3821.74 0.0218734 -0.0150269 1
30 5 1 19 86.5322 3835.73 0.0378801 0.000599406 1
30 5 5 16 850.005 3163.73 0.0252586 -0.0100332 1
30 5 6 20 1209.61 3952.6 0.0284023 -0.0106867 1
30 5 7 17 1397.3 3352.25 0.0265739 -0.0089865 1
30 5 8 17 1502.12 3358.86 0.0245113 -0.0108346 1
30 5 3 20 601.971 4022.85 0.0336731 -0.00464439 1
30 5 1 20 123.907 3940.67 0.0386971 0.00457566 1
30 5 7 20 1236.48 3987.75 0.03193 -0.0109153 1
30 5 2 19 293.792 3855.09 0.0372157 -0.00336405 1
30 5 8 20 1554.79 3916.94 0.0248064 -0.00977924 1
30 5 2 19 369.338 3871.33 0.035843 -0.00575389 1
30 6 7 1 1270.77 135.232 -0.000972742 0.00859149 1
30 6 8 2 1500.29 214.714 0.00215308 0.00599105 1
30 6 9 2 1658.77 247.833 0.00102067 0.00861154 1
30 6 3 2 457.178 222.924 0.00165023 0.00635491 1
30 6 7 2 1389.66 273.693 -0.000314822 0.0077256 1
30 6 5 2 894.855 284.879 0.00124239 0.00662415 1
30 6 9 2 1826.98 314.811 0.000970982 0.00528129 1
30 6 5 2 1006.12 331.536 0.00329638 0.00718473 1
30 6 9 3 1831.1 445.557 0.0016888 0.00751012 1
30 6 5 3 870.332 510.477 0.00398318 0.00625179 1
30 6 3 3 537.589 508.951 0.00174972 0.00680133 1
30 6 4 3 786.847 559.982 0.00630528 0.0066225 1
30 6 3 3 432.844 585.709 0.00480874 0.00584793 1
30 6 10 4 1869.44 642.375 0.00461282 0.00666842 1
30 6 10 4 1912.71 702.61 0.00397799 0.00425276 1
30 6 10 4 1874.48 703.817 0.00455359 0.00380027 1
30 6 7 4 1282.42 721.413 0.00497769 0.00293316 1
30 6 3 4 417.967 783.379 0.00691282 0.00617118 1
30 6 3 4 487.033 777.793 0.00734169 0.00354888 1
30 6 4 5 734.58 876.786 0.00650672 0.00184833 1
30 6 5 5 1004.19 897.35 0.00608158 0.00298533 1
30 6 2 5 250.772 932.554 0.0119334 0.00879293 1
30 6 1 5 193.465 945.109 0.00977786 9.86021e-05 1
30 6 10 5 1996.69 1008.02 0.00449048 0.00262359 1
30 6 6 6 1102.11 1030.69 0.00582641 0.00248385 1
30 6 4 6 765.555 1081.26 0.0145671 -0.00161774 1
30 6 9 6 1763.48 1100.06 0.00301656 0.000368258 1
30 6 4 6 715.707 1121.52 0.00796127 0.000499378 1
30 6 2 6 297.907 1155.57 0.00599131 0.00277843 1
30 6 2 6 305.663 1181.21 0.00985452 0.00044075 1
30 6 2 6 210.038 1163.73 0.0100619 0.000801959 1
30 6 6 7 1047.89 1234.45 0.00437675 0.00608848 1
30 6 7 7 1268.76 1362.72 0.00890652 0.000898142 1
30 6 10 7 1981.44 1404.71 0.00645716 0.00305518 1
30 6 7 7 1267.78 1406.57 0.0061745 -0.00129973 1
30 6 2 8 255.68 1433.39 0.00880329 0.000686257 1
30 6 3 8 453.113 1446.81 0.00954392 -0.000852313 1
30 6 5 8 1002.22 1459.67 0.00735711 0.00112694 1
30 6 4 8 810.282 1454.09 0.0106276 0.00346224 1
30 6 7 8 1238.42 1500.5 0.00799915 0.000239395 1
30 6 10 8 1904.98 1483.17 0.00853116 0.00225582 1
30 6 1 8 190.272 1512.14 0.0113842 0.00190374 1
30 6 2 8 265.449 1553.35 0.00585511 -0.00206404 1
30 6 9 8 1819.78 1611.66 0.00797995 0.00236337 1
30 6 7 9 1413.15 1657.37 0.0119597 0.00474866 1
30 6 8 9 1634.11 1715.79 0.00695856 -0.00011087 1
30 6 9 9 1670.1 1709.94 0.0063434 -0.00107822 1
30 6 7 9 1417.35 1812.14 0.00817408 0.000182813 1
30 6 8 9 1449.52 1833.87 0.00884207 -0.00255755 1
30 6 1 10 69.5152 1875.69 0.00789103 -0.0020794 1
30 6 6 10 1057.81 1908.51 0.00983982 -0.00510622 1
30 6 1 10 166.936 1935.54 0.0132741 -0.00395007 1
30 6 9 10 1768.18 2019.17 0.0113471 -0.00594755 1
30 6 1 11 189.75 2060.57 0.00818272 -0.0065611 1
30 6 5 11 836.065 2115.04 0.00850996 -0.00434231 1
30 6 1 11 158.038 2163.09 0.0137366 -0.00614715 1
30 6 10 11 1918.91 2182.2 0.0089604 -0.00338662 1
30 6 9 12 1688.22 2280.69 0.0115683 -0.00417109 1
30 6 10 12 1979.78 2257.25 0.0105001 -0.00323439 1
30 6 4 12 729.437 2261.83 0.00953748 -0.00554501 1
30 6 7 12 1273.83 2279.62 0.00596578 -0.00515171 1
30 6 9 12 1838.53 2280.93 0.0105274 -0.0049137 1
30 6 8 12 1483.18 2340.47 0.00845428 -0.00402848 1
30 6 1 12 90.6586 2353.12 0.0198502 0.00337627 1
30 6 5 12 902.37 2372.11 0.00864769 -0.00523548 1
30 6 5 12 865.341 2361.2 0.00793086 -0.00410187 1
30 6 3 12 504.094 2384.14 0.00946639 -0.0037192 1
30 6 5 13 947.184 2464.69 0.0105384 -0.00479594 1
30 6 1 13 132.276 2559.21 0.0138008 -0.00646006 1
30 6 10 13 1883.72 2651.23 0.0108246 -0.00496742 1
30 6 9 14 1782.88 2686.28 0.014006 -0.00893847 1
30 6 9 14 1708.58 2762.81 0.012006 -0.0067292 1
30 6 1 14 47.1296 2799.76 0.0183249 -0.0104543 1
30 6 7 14 1267.49 2803.26 0.01206 -0.00788965 1
30 6 3 14 523.877 2811.45 0.0116268 -0.00796753 1
30 6 2 15 231.227 2972.58 0.0156467 -0.00707912 1
30 6 4 15 714.218 2989.83 0.0127607 -0.00596978 1
30 6 7 15 1426.09 3031.05 0.0117122 -0.0045861 1
30 6 3 15 593.092 3031.1 0.0126135 -0.00571124 1
30 6 6 15 1171.85 3058.28 0.0128275 -0.00721312 1
30 6 7 16 1415.28 3081.03 0.011771 -0.00795195 1
30 6 10 18 1939.58 3644.77 0.011735 -0.00449549 1
30 6 1 18 52.2534 3532.6 0.0222657 -0.0154026 1
30 6 8 18 1554.81 3602.47 0.012636 -0.00872272 1
30 6 4 17 677.725 3454.76 0.0166074 -0.00609196 1
30 6 7 18 1268.99 3515.36 0.0132029 -0.0080418 1
30 6 6 18 1143.35 3486.5 0.0129901 -0.0065763 1
30 6 7 18 1252.33 3638.5 0.0114497 -0.00949576 1
30 6 7 20 1297.48 4047.66 0.00952941 -0.0110525 1
30 6 4 17 737.729 3334.6 0.0148884 -0.00584086 1
30 6 7 16 1372.33 3237.12 0.0128299 -0.00814729 1
30 6 6 16 1171.21 3204.21 0.0120566 -0.0077872 1
30 6 4 16 733.798 3216.4 0.0172042 -0.00773726 1
30 6 10 16 1950.69 3174.87 0.012086 -0.00776692 1
30 6 2 16 267.003 3131.29 0.0219405 -0.0103023 1
30 6 8 16 1579.36 3207.28 0.00787742 -0.00762297 1
30 6 5 18 986.269 3675.46 0.0144808 -0.0111283 1
30 6 4 19 703.203 3696.64 0.0126047 -0.0122821 1
30 6 2 20 348.648 3981.09 0.0176584 -0.00825032 1
30 6 9 19 1772.93 3857.26 0.00736444 -0.00821857 1
30 6 8 19 1628.39 3751.01 0.008504 -0.00970133 1
30 6 7 19 1313.22 3704.95 0.0091896 -0.00880948 1
30 6 10 19 1977.35 3820.66 0.0126958 -0.0114604 1
30 6 1 20 152.261 3940.64 0.0211252 -0.0134746 1
30 6 2 17 287.939 3383.91 0.0168758 -0.0116812 1
30 6 3 20 422.302 3905.89 0.0192595 -0.0118823 1
30 6 2 19 252.356 3731.33 0.0168628 -0.0165362 1
30 7 4 1 686.074 65.0283 0.00218733 0.00522917 1
30 7 3 1 460.499 103.657 0.00136848 0.00684623 1
30 7 4 1 714.686 133.134 -0.000160163 0.00878202 1
30 7 9 1 1705.13 181.109 0.00426692 0.00621443 1
30 7 6 2 1127.53 209.138 0.00303102 0.00550297 1
30 7 6 1 1090.11 199.495 0.00257949 0.00550567 1
30 7 5 2 1000.53 277.427 0.0050836 0.00492736 1
30 7 5 2 846.782 272.523 0.00330308 0.00691477 1
30 7 6 2 1150.3 266.94 0.00521727 0.00389761 1
30 7 7 2 1356.31 287.394 0.0048783 0.00622583 1
30 7 9 2 1750.81 333.155 0.00589759 0.00395321 1
30 7 4 3 801.217 422.562 0.00667352 0.00339896 1
30 7 3 2 427.843 403.417 0.00299277 0.0062176 1
30 7 4 3 709.106 425.411 0.00627216 0.00381001 1
30 7 9 3 1680.07 551.248 0.0106378 0.00260625 1
30 7 1 3 201.22 564.889 0.00408327 0.0033039 1
30 7 4 4 762.205 635.562 0.00642046 0.00445505 1
30 7 6 4 1138.38 682.119 0.00783592 0.00194178 1
30 7 8 4 1446.02 706.962 0.00538391 -0.0015593 1
30 7 6 4 1212.65 715.39 0.010467 0.00184704 1
30 7 8 4 1547.7 740.134 0.00802331 0.00387975 1
30 7 2 4 209.267 758.891 0.00674063 0.00615236 1
30 7 4 5 710.886 889.215 0.00773192 0.00408411 1
30 7 10 5 1921.46 920.013 0.0142496 0.00267935 1
30 7 4 5 733.184 907.268 0.0065598 0.00159381 1
30 7 3 5 499.756 898.875 0.00996592 0.00236661 1
30 7 4 5 818.262 916.731 0.00477714 0.00171911 1
30 7 1 5 144.384 956.473 0.00569781 0.00445253 1
30 7 9 5 1777.14 972.187 0.0124585 0.0014622 1
30 7 4 5 643.035 989.202 0.00745232 0.00272887 1
30 7 3 6 597.131 1035.97 0.00812601 0.00404837 1
30 7 3 6 515.439 1110.45 0.00690629 0.00136436 1
30 7 9 6 1699.16 1172.11 0.0110715 0.00232382 1
30 7 3 6 492.254 1206 0.00728323 0.00402729 1
30 7 10 6 1937.47 1217.86 0.0127455 0.00118895 1
30 7 7 7 1365.26 1248.73 0.0135552 0.00135229 1
30 7 6 7 1180.39 1259.75 0.0114332 0.00696688 1
30 7 4 7 633.961 1325.05 0.00708696 0.00263161 1
30 7 9 7 1816.29 1323.84 0.0106313 0.00321868 1
30 7 7 7 1373.8 1352.51 0.00935645 0.00327152 1
30 7 4 7 769.146 1346.06 0.00876267 0.00285033 1
30 7 4 8 691.771 1445.64 0.00715449 -0.000194731 1
30 7 3 8 437.806 1465.82 0.00568694 0.00380476 1
30 7 2 8 322.077 1514.05 0.00440114 -0.000193349 1
30 7 9 8 1776.49 1528.02 0.0120874 0.00220901 1
30 7 4 8 680.068 1535.99 0.00407476 0.0011663 1
30 7 4 8 620.313 1546.61 0.0018537 0.00133673 1
30 7 9 8 1719.98 1603.51 0.0122958 -0.000596699 1
30 7 7 9 1362.97 1716.46 0.0153715 -0.000360215 1
30 7 10 9 1957.79 1771.59 0.0142758 -0.00113997 1
30 7 2 9 231.017 1839.05 0.00760918 -0.000173371 1
30 7 6 10 1225.21 1903.58 0.0109847 0.000979181 1
30 7 5 10 913.589 1911.64 0.0118301 -0.000209599 1
30 7 7 10 1232.71 1934.57 0.0107762 0.00382894 1
30 7 8 10 1466.44 1953.52 0.0141929 -0.00206821 1
30 7 10 10 1924.34 1976.41 0.0204172 -0.000720372 1
30 7 5 10 863.409 1984.56 0.00997961 0.000138975 1
30 7 5 10 824.935 2001.97 0.00738824 0.0026433 1
30 7 10 10 1979.31 2009.65 0.0115766 0.00341931 1
30 7 6 10 1180.11 2015.41 0.0112894 0.00144265 1
30 7 6 11 1144.14 2119.46 0.0119694 0.000571651 1
30 7 3 12 535.698 2262.65 0.0105109 0.000761696 1
30 7 2 12 303.814 2351.12 0.0106356 -0.00035418 1
30 7 7 12 1404.5 2366.74 0.0104451 0.000126337 1
30 7 6 12 1177.06 2389.22 0.0102661 0.000603567 1
30 7 1 12 100.622 2426.08 0.0102395 -0.00334277 1
30 7 1 12 195.768 2401.68 0.00305651 0.00272519 1
30 7 5 12 977.557 2423.98 0.00800696 0.00281875 1
30 7 3 12 475.171 2433.65 0.0126978 -0.000485497 1
30 7 3 13 425.966 2489.84 0.0104302 -0.000356902 1
30 7 9 13 1825.89 2515.9 0.0219252 -0.0064022 1
30 7 3 13 427.921 2522.09 0.00835046 0.000331934 1
30 7 9 13 1814.57 2612.06 0.0101924 0.00187687 1
30 7 7 13 1297.56 2642.11 0.00590104 0.00314321 1
30 7 5 14 924.662 2709.41 0.0109703 -0.00275827 1
30 7 9 14 1775.72 2738.78 0.0107404 -0.00138028 1
30 7 2 15 334.29 2871.88 0.0150328 -0.00366714 1
30 7 7 15 1266.41 2970.33 0.00741751 0.00322685 1
30 7 6 15 1224.01 2979.13 0.00930598 -0.00129675 1
30 7 9 15 1765.83 3028.07 0.0126826 0.000919715 1
30 7 8 15 1525.81 3061.32 0.0120439 -0.00180821 1
30 7 7 16 1267.53 3120.76 0.0115012 -0.00156687 1
30 7 9 19 1785.96 3745.13 0.0133439 0.00236755 1
30 7 4 18 620.467 3676.03 0.0143271 0.000192829 1
30 7 3 18 543.645 3527.17 0.00841153 0.000602652 1
30 7 1 18 79.1923 3648.14 0.0115069 -0.0026406 1
30 7 8 16 1461.98 3202.58 0.0108958 -0.00113298 1
30 7 8 18 1532 3609.22 0.0106803 -0.00458996 1
30 7 5 18 918.235 3608.43 0.0113334 -0.000727227 1
30 7 4 18 735.628 3539.65 0.00809802 -0.00286569 1
30 7 5 18 964.459 3543.09 0.00880649 -0.00179515 1
30 7 9 17 1733.89 3443.89 0.0125584 0.000125524 1
30 7 8 17 1512.05 3355.53 0.0116013 0.00218866 1
30 7 6 17 1129.9 3333.07 0.00991901 0.00067099 1
30 7 3 17 414.167 3324.27 0.00890488 -0.00583489 1
30 7 7 17 1232.06 3305.33 0.0106246 -0.00303506 1
30 7 6 17 1071.84 3311.1 0.00968888 -0.000328397 1
30 7 10 16 1857.57 3247.52 0.0127442 0.000609751 1
30 7 4 20 658.234 3942.7 0.010144 0.000100809 1
30 7 7 19 1298.13 3795.64 0.0109421 0.00168182 1
30 7 6 20 1191.04 4008.07 0.0137949 0.00025139 1
30 7 8 19 1584.32 3738.29 0.0122684 0.0022471 1
30 7 5 20 860.357 3943.18 0.0104835 0.000665297 1
30 7 5 20 922.778 3908.8 0.00815224 -0.00054933 1
30 7 9 20 1767.72 3898.99 0.0152481 -0.000313239 1
30 7 6 19 1164 3708.91 0.0105673 -0.00336568 1
30 7 3 20 468.303 3911.66 0.0109996 -0.00120521 1
30 8 6 1 1208.34 61.6264 0.0136798 -0.00818138 1
30 8 8 1 1487.61 82.4918 0.00682376 -0.00760177 1
30 8 6 1 1214.06 94.4318 0.0107898 -0.00904866 1
30 8 2 1 328.468 160.733 0.00273996 0.00136777 1
30 8 6 1 1111.08 181.097 0.00923012 -0.00402631 1
30 8 5 2 1002.64 225.246 0.00990658 -0.00394128 1
30 8 2 1 401.784 200.101 0.00555389 0.00540004 1
30 8 1 2 79.9689 229.293 0.00681295 0.000773291 1
30 8 5 2 951.954 282.437 0.0100634 -0.00499228 1
30 8 3 2 526.07 316.831 0.0114368 -0.00172359 1
30 8 6 2 1202.34 310.72 0.010609 0.00287397 1
30 8 3 2 581.649 340.38 0.0103531 -0.00238285 1
30 8 10 2 1862.25 343.546 0.015799 -0.00802661 1
30 8 2 3 344.37 444.645 0.0119406 -0.00109378 1
30 8 5 3 928.488 483.845 0.0109196 9.61472e-06 1
30 8 1 3 182.821 507.369 0.011631 -1.90705e-06 1
30 8 10 3 1937.61 529.347 0.0212804 -0.0110486 1
30 8 4 3 784.803 530.472 0.0114944 0.00339087 1
30 8 7 4 1374.93 618.532 0.0143413 -0.0017045 1
30 8 1 4 115.364 644.813 0.0101217 0.00047643 1
30 8 7 4 1305.31 657.173 0.0137485 -0.00434608 1
30 8 9 4 1770.61 659.869 0.014174 -0.0112752 1
30 8 3 4 467.792 700.109 0.0132919 0.00233995 1
30 8 9 4 1699.3 727.704 0.0167588 -0.00650432 1
30 8 5 4 876.943 754.35 0.0136932 -0.00273266 1
30 8 2 5 263.267 821.418 0.0143015 0.0045855 1
30 8 1 5 150.246 924.126 0.0117042 0.00306402 1
30 8 6 5 1080.17 944.121 0.0130761 0.00141865 1
30 8 10 6 1878.25 1067.73 0.0192494 -0.00989912 1
30 8 9 6 1767.89 1040.56 0.0146081 -0.00705389 1
30 8 6 6 1162.55 1034.96 0.0197674 -0.000861477 1
30 8 4 6 815.181 1073.49 0.0148437 -0.00163626 1
30 8 7 6 1383.73 1097.34 0.0197634 -0.00277565 1
30 8 5 6 865.392 1090.34 0.011486 -0.0043747 1
30 8 2 6 355.754 1189.31 0.0118681 0.00111011 1
30 8 10 6 1863.88 1222.71 0.0176966 -0.0067964 1
30 8 9 7 1714.03 1232.85 0.0193951 -0.00302766 1
30 8 7 7 1367.79 1251.77 0.0195608 -0.0041316 1
30 8 7 7 1255.49 1252.29 0.0160598 -0.0002366 1
30 8 2 7 288.238 1309.98 0.0149203 -0.00075378 1
30 8 5 7 894.987 1324.91 0.0196577 -0.000968038 1
30 8 7 7 1265.03 1327.05 0.0145306 -0.00356602 1
30 8 4 7 719.119 1369.01 0.0202341 -0.00173355 1
30 8 7 8 1326.26 1433.48 0.019829 -0.00168108 1
30 8 6 8 1090.23 1499.32 0.0161746 -0.00296988 1
30 8 3 8 493.583 1539.57 0.0175557 -0.00150871 1
30 8 5 8 966.348 1570.64 0.0137019 -0.00271505 1
30 8 4 8 761.869 1591.31 0.0168732 -0.00318694 1
30 8 2 9 346.423 1655.41 0.0145602 -0.00542969 1
30 8 1 8 112.568 1624.77 0.0149076 -0.0011598 1
30 8 4 8 797.151 1617.63 0.017416 -0.00302569 1
30 8 5 9 1007.36 1647.05 0.0190436 -0.00291771 1
30 8 8 9 1534.15 1676 0.0163668 -0.00551625 1
30 8 10 9 1913.22 1735.27 0.0253494 -0.00893356 1
30 8 3 9 417.043 1770.54 0.0162592 -0.00175486 1
30 8 6 9 1207.54 1793.03 0.0215891 -0.00411959 1
30 8 1 9 46.5473 1823.35 0.0165299 -0.00415525 1
30 8 10 10 1933.92 1856.79 0.0207308 -0.00507755 1
30 8 5 10 927.527 1880.96 0.0148114 -0.00188201 1
30 8 2 10 264.348 1913.19 0.0175226 -0.00290338 1
30 8 8 10 1607.05 1935.04 0.0241438 -0.00697446 1
30 8 5 10 969.474 2024.49 0.017423 -0.00173502 1
30 8 6 11 1089.98 2157.51 0.0157299 -0.0012592 1
30 8 1 11 168.099 2173.02 0.018202 0.00176731 1
30 8 10 11 1994.85 2192.14 0.0222045 -0.00480569 1
30 8 4 12 787.442 2300.08 0.0199266 -0.00125087 1
30 8 10 12 1972.96 2292.65 0.0198318 -0.00901569 1
30 8 9 12 1658.53 2373.24 0.0244903 -0.00501548 1
30 8 3 12 452.922 2456.85 0.0163546 0.00550837 1
30 8 3 13 469.566 2491.17 0.0171328 -0.00217013 1
30 8 3 13 550.118 2536.05 0.0170515 0.00188271 1
30 8 9 13 1735.1 2549.76 0.0203549 -0.00676625 1
30 8 8 13 1513.21 2555.66 0.0216024 -0.00498671 1
30 8 10 13 1989.35 2622.13 0.0245148 -0.00699888 1
30 8 3 14 465.657 2730.7 0.0200679 -0.00127087 1
30 8 7 14 1378.94 2748.93 0.0176145 0.00110522 1
30 8 5 14 949.451 2780.71 0.0139111 0.00278132 1
30 8 5 14 927.907 2780.2 0.0164313 0.000449847 1
30 8 5 14 910.66 2789.25 0.00350871 0.0040811 1
30 8 6 14 1174.92 2804.97 0.0199895 -0.0015475 1
30 8 3 15 546.515 2890.59 0.0153644 -0.000363714 1
30 8 4 15 776.395 2893.68 0.0144339 0.004239 1
30 8 2 15 345.115 2925.02 0.0130092 0.00471019 1
30 8 1 15 46.2363 2984.32 0.0129837 0.00224614 1
30 8 2 15 372.998 2976.78 0.0135944 0.00175948 1
30 8 5 15 847.574 3001.63 0.0161324 0.00262221 1
30 8 5 15 963.693 3027.7 0.0201562 0.00216834 1
30 8 6 16 1104.48 3091.38 0.0197588 0.000177106 1
30 8 3 17 438.528 3452.73 0.0161694 -0.00358656 1
30 8 3 18 583.447 3656.03 0.0169943 -0.00136329 1
30 8 1 18 165.295 3517.97 0.0150838 0.00425233 1
30 8 4 18 663.415 3654.45 0.0187404 0.000263252 1
30 8 6 18 1193.65 3651.63 0.012304 0.000336272 1
30 8 9 17 1684.43 3341.42 0.0183156 -0.00421038 1
30 8 8 17 1459.92 3426.09 0.0191848 -0.0119768 1
30 8 3 17 554.429 3369.72 0.0164593 0.00208298 1
30 8 3 17 454.002 3370.49 0.0190613 0.00268494 1
30 8 9 16 1695.33 3121.71 0.0230836 -0.00603407 1
30 8 3 17 537.003 3413.06 0.0174945 0.00395263 1
30 8 1 17 197.64 3290.31 0.0126183 0.0025769 1
30 8 6 16 1047.05 3245.37 0.0190256 -0.00791911 1
30 8 9 19 1742.51 3745.78 0.0231722 -0.00555891 1
30 8 9 20 1772.74 3985.9 0.0226449 -0.0107147 1
30 8 8 16 1591.66 3212.14 0.0210963 -0.00277596 1
30 8 1 18 158.66 3585.75 0.015111 0.00609659 1
30 8 6 16 1088.28 3151.59 0.0191172 0.000742625 1
30 8 7 19 1241.92 3695.59 0.0199477 -0.000954203 1
30 8 5 18 1002.74 3644.89 0.0208507 -0.00245233 1
30 8 8 20 1518.72 4018.17 0.0168408 -0.00254534 1
30 8 7 20 1263.33 3963.04 0.0217992 0.000209973 1
30 8 5 20 828.278 3952.97 0.023104 -0.00046838 1
30 8 3 20 519.152 3935.44 0.0188197 0.000576897 1
30 8 9 19 1658.19 3872.14 0.0216927 -0.00864094 1
30 8 8 19 1570.79 3852.3 0.0223514 -0.0029364 1
