   0.149924E+04  -0.303309E+02   0.104540E+03   0.253077E+03   0.342274E-01
   0.156709E+04   0.921563E+01   0.102450E+03   0.249853E+03   0.337552E-01
   0.636370E+03  -0.896607E+01   0.905040E+02   0.239724E+03   0.320299E-01
   0.140964E+04   0.433178E+02   0.104248E+03   0.244074E+03   0.331757E-01
   0.132989E+04   0.760062E+02   0.107285E+03   0.250468E+03   0.340597E-01
   0.150489E+04   0.818267E+02   0.978433E+02   0.257555E+03   0.344392E-01
   0.127172E+04   0.135147E+03   0.102332E+03   0.228621E+03   0.313098E-01
   0.334888E+03   0.827980E+02   0.832373E+02   0.295530E+03   0.383785E-01
   0.158469E+04   0.192741E+03   0.118737E+03   0.252841E+03   0.349167E-01
   0.115471E+04   0.231830E+03   0.101923E+03   0.222705E+03   0.306150E-01
   0.876930E+03   0.367977E+03   0.927397E+02   0.200807E+03   0.276485E-01
   0.132993E+04   0.361093E+03   0.126997E+03   0.222374E+03   0.320104E-01
   0.494579E+03   0.450362E+03   0.108887E+03   0.217590E+03   0.304142E-01
   0.851872E+03   0.468032E+03   0.119229E+03   0.222704E+03   0.315765E-01
   0.418280E+03   0.487466E+03   0.138182E+03   0.250249E+03   0.357332E-01
   0.154813E+04   0.596342E+03   0.117184E+03   0.238255E+03   0.331892E-01
   0.323934E+03   0.600497E+03   0.121674E+03   0.219597E+03   0.313816E-01
   0.376570E+03   0.610577E+03   0.123453E+03   0.230532E+03   0.326883E-01
   0.154075E+04   0.705424E+03   0.119417E+03   0.232813E+03   0.327067E-01
   0.316692E+03   0.725973E+03   0.118756E+03   0.206703E+03   0.297985E-01
   0.751582E+03   0.739902E+03   0.144817E+03   0.222657E+03   0.332011E-01
   0.864743E+03   0.801284E+03   0.119609E+03   0.192580E+03   0.283376E-01
   0.494695E+03   0.772239E+03   0.129229E+03   0.191326E+03   0.288601E-01
   0.115243E+04   0.819305E+03   0.131285E+03   0.210505E+03   0.310111E-01
   0.373309E+03   0.944837E+03   0.139549E+03   0.193225E+03   0.297935E-01
   0.760192E+02   0.967626E+03   0.137892E+03   0.194969E+03   0.298504E-01
   0.130618E+04   0.953532E+03   0.142672E+03   0.236176E+03   0.344905E-01
  -0.114673E+02   0.104217E+04   0.145102E+03   0.215311E+03   0.324551E-01
   0.159003E+04   0.992315E+03   0.118504E+03   0.205190E+03   0.296189E-01
   0.701902E+03   0.101095E+04   0.125499E+03   0.197436E+03   0.292433E-01
   0.156702E+04   0.978421E+03   0.116400E+03   0.237819E+03   0.330971E-01
   0.102740E+04   0.107769E+04   0.128461E+03   0.192104E+03   0.288872E-01
   0.189317E+03   0.106613E+04   0.102032E+03   0.180781E+03   0.259484E-01
   0.918958E+02   0.110253E+04   0.139568E+03   0.185499E+03   0.290176E-01
   0.247813E+03   0.111524E+04   0.153302E+03   0.203905E+03   0.318881E-01
   0.122393E+04   0.115699E+04   0.126755E+03   0.190459E+03   0.285979E-01
   0.142272E+04   0.115362E+04   0.118703E+03   0.207028E+03   0.298305E-01
   0.959993E+03   0.120320E+04   0.132715E+03   0.180334E+03   0.279882E-01
   0.150699E+04   0.119450E+04   0.118232E+03   0.190535E+03   0.280297E-01
   0.155114E+04   0.122351E+04   0.102283E+03   0.207438E+03   0.289105E-01
   0.148410E+04   0.128541E+04   0.113464E+03   0.190087E+03   0.276720E-01
   0.123710E+04   0.125429E+04   0.140733E+03   0.199783E+03   0.305468E-01
   0.187960E+04   0.135332E+04   0.107180E+03   0.198562E+03   0.282053E-01
   0.151622E+04   0.137229E+04   0.106592E+03   0.182842E+03   0.264554E-01
   0.859002E+03   0.138421E+04   0.134830E+03   0.173395E+03   0.274560E-01
   0.428848E+03   0.139658E+04   0.131627E+03   0.183034E+03   0.281811E-01
   0.552276E+03   0.139236E+04   0.130585E+03   0.179830E+03   0.277802E-01
   0.635927E+03   0.144299E+04   0.121726E+03   0.157093E+03   0.248418E-01
   0.107001E+04   0.143812E+04   0.135920E+03   0.194126E+03   0.296224E-01
   0.295155E+03   0.154233E+04   0.129346E+03   0.165086E+03   0.262154E-01
   0.862077E+03   0.155337E+04   0.137061E+03   0.169277E+03   0.272260E-01
   0.386304E+03   0.166033E+04   0.123766E+03   0.156088E+03   0.249003E-01
   0.272886E+03   0.165978E+04   0.116887E+03   0.164600E+03   0.252351E-01
   0.194272E+04   0.172139E+04   0.986056E+02   0.147852E+03   0.222146E-01
   0.138190E+03   0.176881E+04   0.126206E+03   0.153749E+03   0.248642E-01
   0.691167E+02   0.178760E+04   0.112441E+03   0.132597E+03   0.217316E-01
   0.163935E+04   0.178864E+04   0.103048E+03   0.141459E+03   0.218766E-01
   0.177711E+04   0.184302E+04   0.102676E+03   0.129854E+03   0.206928E-01
   0.168395E+04   0.184213E+04   0.872060E+02   0.120169E+03   0.185597E-01
   0.157386E+04   0.189476E+04   0.975054E+02   0.125203E+03   0.198365E-01
   0.150899E+04   0.187106E+04   0.141470E+03   0.157544E+03   0.264674E-01
   0.107220E+03   0.192286E+04   0.127967E+03   0.143795E+03   0.240613E-01
   0.172848E+03   0.191048E+04   0.108056E+03   0.116496E+03   0.198618E-01
   0.183974E+04   0.200645E+04   0.937907E+02   0.110822E+03   0.181479E-01
   0.106340E+04   0.206946E+04   0.121110E+03   0.135233E+03   0.226921E-01
   0.139683E+04   0.201810E+04   0.126939E+03   0.150266E+03   0.245883E-01
   0.170893E+04   0.206155E+04   0.950977E+02   0.105178E+03   0.177245E-01
   0.764007E+03   0.206724E+04   0.105493E+03   0.116643E+03   0.196589E-01
   0.699511E+03   0.207925E+04   0.138003E+03   0.140208E+03   0.245914E-01
   0.208419E+03   0.214772E+04   0.137252E+03   0.142272E+03   0.247106E-01
   0.183635E+04   0.224250E+04   0.759442E+02   0.107255E+03   0.164275E-01
   0.191608E+03   0.229105E+04   0.146096E+03   0.128790E+03   0.243448E-01
   0.469726E+03   0.234509E+04   0.134916E+03   0.127600E+03   0.232123E-01
   0.126531E+04   0.231161E+04   0.106956E+03   0.112641E+03   0.194163E-01
   0.147050E+04   0.239441E+04   0.969082E+02   0.103680E+03   0.177398E-01
   0.101218E+04   0.245684E+04   0.993565E+02   0.867161E+02   0.164845E-01
   0.110178E+04   0.241980E+04   0.110109E+03   0.101275E+03   0.187002E-01
   0.737779E+03   0.249483E+04   0.115792E+03   0.990409E+02   0.190464E-01
   0.107170E+04   0.253791E+04   0.827969E+02   0.117710E+03   0.179891E-01
   0.834805E+03   0.258625E+04   0.118709E+03   0.104579E+03   0.197755E-01
   0.184354E+04   0.262831E+04   0.393157E+02   0.384626E+02   0.687511E-02
   0.847328E+03   0.264421E+04   0.110264E+03   0.849401E+02   0.173983E-01
   0.497091E+02   0.272033E+04   0.125852E+03   0.954241E+02   0.197423E-01
   0.143622E+04   0.277085E+04   0.993833E+02   0.834718E+02   0.162233E-01
   0.188874E+04   0.289595E+04   0.753103E+02   0.560947E+02   0.117382E-01
   0.194895E+04   0.287584E+04   0.445259E+02   0.510584E+02   0.846825E-02
   0.141319E+04   0.288439E+04   0.756458E+02   0.668068E+02   0.126154E-01
   0.187206E+04   0.299707E+04   0.806468E+02   0.861683E+02   0.147526E-01
   0.131613E+04   0.382466E+04   0.722544E+02   0.248875E+02   0.955255E-02
   0.172844E+04   0.399673E+04   0.907734E+02   0.357671E+02   0.121957E-01
   0.153973E+04   0.356541E+04   0.852946E+02   0.546006E+02   0.126592E-01
   0.176294E+04   0.386624E+04   0.834221E+02   0.434570E+02   0.117578E-01
   0.790328E+03   0.350444E+04   0.104385E+03   0.574030E+02   0.148909E-01
   0.196204E+03   0.370553E+04   0.135211E+03   0.632771E+02   0.186607E-01
   0.394592E+03   0.394836E+04   0.132350E+03   0.371105E+02   0.171818E-01
   0.187611E+04   0.372860E+04   0.686648E+02   0.351027E+02   0.963964E-02
   0.147153E+04   0.395007E+04   0.869393E+02   0.297468E+02   0.114859E-01
   0.342524E+03   0.364812E+04   0.122467E+03   0.630262E+02   0.172166E-01
   0.680578E+03   0.388767E+04   0.114866E+03   0.474644E+02   0.155357E-01
   0.102161E+04   0.326242E+04   0.988149E+02   0.612654E+02   0.145333E-01
   0.934133E+03   0.333335E+04   0.108257E+03   0.619471E+02   0.155910E-01
   0.195253E+04   0.331963E+04   0.798980E+02   0.606826E+02   0.125412E-01
   0.101564E+04   0.330217E+04   0.109982E+03   0.727789E+02   0.164853E-01
   0.713211E+03   0.387175E+04   0.104290E+03   0.365279E+02   0.138128E-01
   0.182782E+04   0.380875E+04   0.776971E+02   0.277260E+02   0.103120E-01
   0.147218E+04   0.317286E+04   0.888306E+02   0.544699E+02   0.130251E-01
   0.753432E+03   0.390923E+04   0.817981E+02   0.353683E+02   0.111396E-01
   0.591152E+03   0.325103E+04   0.126756E+03   0.535676E+02   0.172013E-01
   0.379252E+04  -0.391278E+02   0.616008E+02   0.257253E+03   0.330657E-01
   0.380867E+04   0.851485E+02   0.667337E+02   0.237899E+03   0.308852E-01
   0.291551E+04  -0.690321E+01   0.937456E+02   0.275454E+03   0.363712E-01
   0.244902E+04   0.754050E+00   0.959963E+02   0.258486E+03   0.344670E-01
   0.404500E+04   0.825667E+02   0.617877E+02   0.256449E+03   0.329734E-01
   0.255437E+04   0.103387E+03   0.110382E+03   0.284135E+03   0.381028E-01
   0.275268E+04   0.124662E+03   0.916797E+02   0.252521E+03   0.335810E-01
   0.271549E+04   0.140082E+03   0.932037E+02   0.276203E+03   0.364381E-01
   0.293874E+04   0.195929E+03   0.768625E+02   0.230582E+03   0.303819E-01
   0.355555E+04   0.195947E+03   0.649966E+02   0.215472E+03   0.281327E-01
   0.377599E+04   0.223313E+03   0.545953E+02   0.215679E+03   0.278102E-01
   0.227493E+04   0.247767E+03   0.106661E+03   0.256976E+03   0.347790E-01
   0.240705E+04   0.230617E+03   0.126480E+03   0.265323E+03   0.367410E-01
   0.227002E+04   0.262365E+03   0.108498E+03   0.285478E+03   0.381750E-01
   0.341769E+04   0.340650E+03   0.866293E+02   0.229365E+03   0.306475E-01
   0.224257E+04   0.417068E+03   0.894598E+02   0.223180E+03   0.300552E-01
   0.227113E+04   0.449854E+03   0.996063E+02   0.240274E+03   0.325127E-01
   0.330610E+04   0.458901E+03   0.734485E+02   0.241076E+03   0.315020E-01
   0.232219E+04   0.602705E+03   0.950883E+02   0.249810E+03   0.334119E-01
   0.235160E+04   0.597011E+03   0.103783E+03   0.260316E+03   0.350302E-01
   0.312186E+04   0.669851E+03   0.741232E+02   0.221769E+03   0.292285E-01
   0.305577E+04   0.702547E+03   0.799041E+02   0.211992E+03   0.283188E-01
   0.308755E+04   0.703864E+03   0.759244E+02   0.219089E+03   0.289840E-01
   0.403118E+04   0.818688E+03   0.378555E+02   0.185854E+03   0.237088E-01
   0.283397E+04   0.783814E+03   0.967969E+02   0.241532E+03   0.325257E-01
   0.219198E+04   0.809763E+03   0.108315E+03   0.247269E+03   0.337440E-01
   0.300179E+04   0.806484E+03   0.747245E+02   0.248213E+03   0.324021E-01
   0.342909E+04   0.823948E+03   0.607660E+02   0.254675E+03   0.327280E-01
   0.404182E+04   0.879568E+03   0.570204E+02   0.211233E+03   0.273493E-01
   0.301377E+04   0.893109E+03   0.905632E+02   0.228802E+03   0.307592E-01
   0.293443E+04   0.925899E+03   0.801229E+02   0.197662E+03   0.266604E-01
   0.390854E+04   0.104443E+04   0.572822E+02   0.234882E+03   0.302207E-01
   0.238519E+04   0.113448E+04   0.958995E+02   0.205218E+03   0.283149E-01
   0.372686E+04   0.115715E+04   0.706379E+02   0.208372E+03   0.275024E-01
   0.319311E+04   0.117131E+04   0.564848E+02   0.206275E+03   0.267336E-01
   0.322673E+04   0.121828E+04   0.769689E+02   0.188377E+03   0.254368E-01
   0.216519E+04   0.117595E+04   0.116066E+03   0.223247E+03   0.314519E-01
   0.228785E+04   0.119322E+04   0.105102E+03   0.222670E+03   0.307786E-01
   0.246287E+04   0.123263E+04   0.772712E+02   0.206035E+03   0.275061E-01
   0.396592E+04   0.137630E+04   0.309864E+02   0.177799E+03   0.225599E-01
   0.318459E+04   0.138614E+04   0.833249E+02   0.208335E+03   0.280476E-01
   0.369664E+04   0.146864E+04   0.539276E+02   0.185073E+03   0.240963E-01
   0.240854E+04   0.148191E+04   0.929907E+02   0.191094E+03   0.265649E-01
   0.220037E+04   0.150647E+04   0.108161E+03   0.202573E+03   0.287050E-01
   0.379377E+04   0.156820E+04   0.322346E+02   0.186213E+03   0.236229E-01
   0.327054E+04   0.159658E+04   0.789171E+02   0.156026E+03   0.218560E-01
   0.326857E+04   0.162082E+04   0.730730E+02   0.179571E+03   0.242337E-01
   0.404295E+04   0.171332E+04   0.603348E+02   0.143592E+03   0.194691E-01
   0.332446E+04   0.174426E+04   0.589378E+02   0.140163E+03   0.190063E-01
   0.254344E+04   0.190493E+04   0.805582E+02   0.112030E+03   0.172484E-01
   0.223589E+04   0.193187E+04   0.943068E+02   0.149381E+03   0.220824E-01
   0.304945E+04   0.200824E+04   0.782690E+02   0.135927E+03   0.196064E-01
   0.231138E+04   0.202915E+04   0.905005E+02   0.148397E+03   0.217270E-01
   0.381587E+04   0.211932E+04   0.551697E+02   0.115111E+03   0.159561E-01
   0.377759E+04   0.214177E+04   0.349957E+02   0.109522E+03   0.143722E-01
   0.366894E+04   0.219419E+04   0.487500E+02   0.123013E+03   0.165401E-01
   0.321428E+04   0.231475E+04   0.688763E+02   0.107826E+03   0.159933E-01
   0.399910E+04   0.231410E+04   0.548154E+02   0.114663E+03   0.158865E-01
   0.369756E+04   0.234248E+04   0.379272E+02   0.780075E+02   0.108424E-01
   0.342846E+04   0.231218E+04   0.979178E+02   0.150629E+03   0.224573E-01
   0.223754E+04   0.234238E+04   0.849898E+02   0.120534E+03   0.184356E-01
   0.336857E+04   0.239404E+04   0.643333E+02   0.105402E+03   0.154356E-01
   0.217717E+04   0.242026E+04   0.755135E+02   0.976259E+02   0.154278E-01
   0.249855E+04   0.246066E+04   0.577907E+02   0.104939E+03   0.149750E-01
   0.360606E+04   0.250566E+04   0.501244E+02   0.110825E+03   0.152042E-01
   0.357876E+04   0.250745E+04   0.521205E+02   0.986190E+02   0.139431E-01
   0.381765E+04   0.254981E+04   0.777782E+02   0.718835E+02   0.132386E-01
   0.390672E+04   0.254897E+04   0.543131E+02   0.945324E+02   0.136280E-01
   0.280269E+04   0.256900E+04   0.735640E+02   0.114516E+03   0.170136E-01
   0.357731E+04   0.265637E+04   0.706281E+02   0.107187E+03   0.160455E-01
   0.334135E+04   0.264919E+04   0.104851E+03   0.128765E+03   0.207569E-01
   0.322643E+04   0.266758E+04   0.548885E+02   0.105145E+03   0.148262E-01
   0.349803E+04   0.270872E+04   0.239846E+02   0.100072E+03   0.128632E-01
   0.294419E+04   0.273343E+04   0.692276E+02   0.105793E+03   0.158038E-01
   0.253261E+04   0.278061E+04   0.739603E+02   0.928900E+02   0.148422E-01
   0.372066E+04   0.292507E+04   0.287704E+02   0.966516E+02   0.126053E-01
   0.332119E+04   0.296644E+04   0.518494E+02   0.764518E+02   0.115469E-01
   0.371567E+04   0.298527E+04   0.304728E+02   0.575444E+02   0.813936E-02
   0.354174E+04   0.302419E+04   0.505431E+02   0.441705E+02   0.839051E-02
   0.328586E+04   0.302014E+04   0.553424E+02   0.642703E+02   0.106018E-01
   0.305809E+04   0.301466E+04   0.551576E+02   0.114638E+03   0.159021E-01
   0.402134E+04   0.310758E+04   0.154355E+02   0.259941E+02   0.377894E-02
   0.323311E+04   0.307055E+04   0.447738E+02   0.705815E+02   0.104481E-01
   0.356960E+04   0.308714E+04   0.363494E+02   0.436610E+02   0.710145E-02
   0.384267E+04   0.322479E+04   0.438675E+02   0.273488E+02   0.646180E-02
   0.353417E+04   0.321462E+04   0.390658E+02   0.430507E+02   0.726668E-02
   0.304028E+04   0.364143E+04   0.499398E+02   0.392887E+02   0.794275E-02
   0.281777E+04   0.376991E+04   0.503940E+02   0.266998E+02   0.712877E-02
   0.219478E+04   0.383264E+04   0.833786E+02   0.528923E+02   0.123425E-01
   0.224974E+04   0.367821E+04   0.985257E+02   0.687726E+02   0.150193E-01
   0.390999E+04   0.386879E+04   0.242547E+02   0.186439E+02   0.382403E-02
   0.356259E+04   0.372143E+04   0.342683E+02   0.259591E+02   0.537383E-02
   0.281819E+04   0.372537E+04   0.646106E+02   0.424759E+02   0.966529E-02
   0.344673E+04   0.369508E+04   0.357697E+02   0.404459E+02   0.674923E-02
   0.270914E+04   0.364533E+04   0.546879E+02   0.481495E+02   0.910798E-02
   0.253515E+04   0.359929E+04   0.736579E+02   0.550144E+02   0.114919E-01
   0.390834E+04   0.361045E+04   0.362378E+02   0.141426E+02   0.486248E-02
   0.397438E+04   0.355234E+04  -0.227981E+02   0.212326E+02   0.389426E-02
   0.365047E+04   0.349681E+04   0.488041E+02   0.430576E+02   0.813538E-02
   0.240434E+04   0.342166E+04   0.958364E+02   0.133015E+03   0.204930E-01
   0.371007E+04   0.337109E+04   0.469637E+02   0.287251E+02   0.688150E-02
   0.352108E+04   0.337314E+04   0.457725E+02   0.401975E+02   0.761471E-02
   0.289175E+04   0.324756E+04   0.668244E+02   0.993491E+02   0.149665E-01
   0.319987E+04   0.355179E+04   0.515376E+02   0.408285E+02   0.821878E-02
   0.408265E+04   0.327854E+04   0.294191E+02   0.581546E+02   0.814655E-02
   0.373969E+04   0.351778E+04   0.220132E+02   0.321403E+02   0.486952E-02
   0.268977E+04   0.316585E+04   0.834301E+02   0.989618E+02   0.161797E-01
   0.277062E+04   0.328014E+04   0.591973E+02   0.697473E+02   0.114353E-01
   0.370198E+04   0.323965E+04   0.319010E+02   0.378126E+02   0.618399E-02
   0.263032E+04   0.316056E+04   0.925020E+02   0.108163E+03   0.177904E-01
   0.317779E+04   0.311636E+04   0.603822E+02   0.851143E+02   0.130447E-01
   0.291389E+04   0.399603E+04   0.530644E+02   0.340122E+02   0.787863E-02
   0.346239E+04   0.402758E+04   0.380155E+02   0.145321E+02   0.508730E-02
   0.366669E+04   0.396313E+04   0.181877E+02   0.226921E+02   0.363517E-02
   0.621276E+04  -0.145438E+02   0.105064E+02   0.126661E+03   0.158870E-01
   0.572560E+04  -0.555564E+01   0.139046E+01   0.173856E+03   0.217327E-01
   0.563429E+04   0.144037E+03   0.218031E+02   0.149842E+03   0.189275E-01
   0.582117E+04   0.230118E+03   0.115335E+02   0.129876E+03   0.162984E-01
   0.614002E+04   0.224980E+03   0.196256E+02   0.101124E+03   0.128764E-01
   0.498239E+04   0.237768E+03   0.216367E+02   0.128456E+03   0.162832E-01
   0.445648E+04   0.254125E+03   0.414140E+02   0.175353E+03   0.225222E-01
   0.540884E+04   0.261740E+03   0.215500E+02   0.139180E+03   0.176048E-01
   0.590160E+04   0.298769E+03   0.159489E+02   0.126418E+03   0.159276E-01
   0.484679E+04   0.301797E+03   0.343023E+02   0.168134E+03   0.214497E-01
   0.463422E+04   0.337632E+03   0.254910E+02   0.163904E+03   0.207343E-01
   0.471587E+04   0.345514E+03   0.268215E+02   0.157148E+03   0.199275E-01
   0.535882E+04   0.432378E+03   0.149351E+02   0.132302E+03   0.166427E-01
   0.468296E+04   0.398430E+03   0.328307E+02   0.163060E+03   0.207915E-01
   0.503850E+04   0.638649E+03   0.154994E+02   0.149669E+03   0.188087E-01
   0.529661E+04   0.728241E+03  -0.668350E+00   0.132881E+03   0.166103E-01
   0.501572E+04   0.822060E+03   0.192338E+02   0.105786E+03   0.134401E-01
   0.487083E+04   0.841190E+03   0.188274E+02   0.123875E+03   0.156623E-01
   0.521479E+04   0.859681E+03  -0.580570E+01   0.880631E+02   0.110318E-01
   0.566139E+04   0.876247E+03  -0.176620E+02   0.879691E+02   0.112156E-01
   0.574481E+04   0.897574E+03  -0.258318E+02   0.973056E+02   0.125845E-01
   0.613627E+04   0.884102E+03  -0.160287E+02   0.110155E+03   0.139144E-01
   0.454306E+04   0.962248E+03   0.198526E+02   0.118144E+03   0.149751E-01
   0.601465E+04   0.958890E+03  -0.195106E+02   0.976596E+02   0.124487E-01
   0.444743E+04   0.985894E+03   0.287084E+02   0.140232E+03   0.178925E-01
   0.600494E+04   0.106257E+04  -0.177013E+02   0.808109E+02   0.103409E-01
   0.516964E+04   0.103881E+04   0.655167E+01   0.119923E+03   0.150127E-01
   0.526152E+04   0.106299E+04   0.589532E+01   0.122559E+03   0.153376E-01
   0.512758E+04   0.107525E+04   0.977043E+01   0.114734E+03   0.143937E-01
   0.609375E+04   0.112199E+04  -0.164216E+02   0.761246E+02   0.973446E-02
   0.618609E+04   0.120027E+04   0.157539E-01   0.813896E+02   0.101737E-01
   0.533814E+04   0.126123E+04   0.164332E+01   0.994327E+02   0.124308E-01
   0.527804E+04   0.126897E+04  -0.151264E+01   0.123548E+03   0.154446E-01
   0.476729E+04   0.128496E+04   0.198708E+02   0.103310E+03   0.131505E-01
   0.547271E+04   0.129913E+04  -0.403010E+01   0.916072E+02   0.114620E-01
   0.560241E+04   0.132275E+04  -0.175909E+02   0.102100E+03   0.129505E-01
   0.541134E+04   0.135608E+04  -0.522500E+01   0.913833E+02   0.114416E-01
   0.524543E+04   0.139069E+04   0.889516E+01   0.116165E+03   0.145632E-01
   0.594321E+04   0.151905E+04  -0.161920E+02   0.968610E+02   0.122756E-01
   0.580510E+04   0.149540E+04  -0.177303E+02   0.952508E+02   0.121109E-01
   0.465812E+04   0.151091E+04   0.447195E+01   0.760568E+02   0.952352E-02
   0.452694E+04   0.148432E+04   0.284491E+02   0.122097E+03   0.156710E-01
   0.472308E+04   0.155680E+04   0.148677E+02   0.105515E+03   0.133197E-01
   0.461864E+04   0.156271E+04   0.116688E+02   0.103918E+03   0.130714E-01
   0.563502E+04   0.157639E+04  -0.542555E+01   0.836132E+02   0.104736E-01
   0.437686E+04   0.158992E+04   0.817307E+01   0.987094E+02   0.123809E-01
   0.589382E+04   0.167689E+04  -0.205517E+02   0.647672E+02   0.849371E-02
   0.557843E+04   0.168016E+04  -0.116168E+02   0.973612E+02   0.122565E-01
   0.544002E+04   0.173701E+04  -0.127347E+02   0.753077E+02   0.954711E-02
   0.444213E+04   0.173324E+04   0.361595E+01   0.763732E+02   0.955734E-02
   0.497358E+04   0.182696E+04  -0.197730E+01   0.715213E+02   0.894358E-02
   0.560530E+04   0.180614E+04  -0.805364E+01   0.115248E+03   0.144412E-01
   0.470375E+04   0.184062E+04   0.106739E+02   0.739447E+02   0.933889E-02
   0.539059E+04   0.187564E+04  -0.641533E+01   0.904096E+02   0.113296E-01
   0.534362E+04   0.191339E+04  -0.127327E+02   0.847592E+02   0.107138E-01
   0.462526E+04   0.200162E+04   0.168521E+02   0.587530E+02   0.764026E-02
   0.500792E+04   0.201962E+04   0.779349E+01   0.640342E+02   0.806334E-02
   0.447806E+04   0.205036E+04   0.388325E+01   0.697880E+02   0.873700E-02
   0.592718E+04   0.206068E+04  -0.373375E+02   0.429022E+02   0.710929E-02
   0.447027E+04   0.210735E+04   0.181403E-01   0.398033E+02   0.497541E-02
   0.482989E+04   0.209721E+04   0.343833E+01   0.475180E+02   0.595528E-02
   0.480404E+04   0.214190E+04   0.448311E+01   0.617868E+02   0.774366E-02
   0.566250E+04   0.219434E+04  -0.580275E+02   0.690852E+02   0.112777E-01
   0.625617E+04   0.226719E+04  -0.398689E+02   0.418718E+02   0.722709E-02
   0.603481E+04   0.232391E+04  -0.535129E+02   0.490013E+02   0.906983E-02
   0.590466E+04   0.232664E+04  -0.412314E+02   0.481338E+02   0.792236E-02
   0.582056E+04   0.236483E+04  -0.446435E+02   0.427033E+02   0.772235E-02
   0.515456E+04   0.237325E+04  -0.128275E+02   0.386192E+02   0.508673E-02
   0.461659E+04   0.249320E+04   0.116184E+02   0.364563E+02   0.478287E-02
   0.623116E+04   0.249715E+04  -0.380737E+02   0.405803E+02   0.695563E-02
   0.440057E+04   0.253187E+04   0.130823E+02   0.533427E+02   0.686543E-02
   0.545355E+04   0.256770E+04  -0.216978E+02   0.107458E+02   0.302662E-02
   0.595465E+04   0.267452E+04  -0.246476E+02   0.400850E+02   0.588206E-02
   0.590036E+04   0.264998E+04  -0.356492E+02   0.719588E+02   0.100382E-01
   0.557283E+04   0.267523E+04  -0.107450E+02   0.305294E+02   0.404564E-02
   0.592666E+04   0.270970E+04  -0.109186E+02   0.392455E+02   0.509200E-02
   0.451637E+04   0.273730E+04   0.142063E+02   0.372134E+02   0.497910E-02
   0.433306E+04   0.276153E+04   0.141221E+02   0.376748E+02   0.502933E-02
   0.507285E+04   0.284050E+04   0.792840E+01   0.429980E+02   0.546535E-02
   0.585179E+04   0.290069E+04  -0.147791E+02   0.196534E+02   0.307377E-02
   0.578432E+04   0.291464E+04  -0.121884E+02   0.143743E+02   0.235577E-02
   0.457220E+04   0.292340E+04   0.152049E+02   0.281917E+02   0.400383E-02
   0.453572E+04   0.291067E+04   0.237401E+02   0.497407E+02   0.688945E-02
   0.495001E+04   0.298226E+04   0.607957E+01   0.275164E+02   0.352250E-02
   0.603362E+04   0.299586E+04  -0.372978E+02   0.338803E+02   0.629856E-02
   0.478018E+04   0.309902E+04   0.109470E+02   0.165689E+01   0.138396E-02
   0.578478E+04   0.311387E+04  -0.105477E+02   0.165784E+02   0.245617E-02
   0.482633E+04   0.382237E+04   0.248723E+02   0.206169E+02   0.403828E-02
   0.631091E+04   0.313951E+04  -0.358863E+02   0.353717E+02   0.629855E-02
   0.457844E+04   0.378615E+04   0.344762E+02   0.305645E+02   0.575923E-02
   0.489958E+04   0.377779E+04   0.197431E+02   0.239845E+02   0.388315E-02
   0.621729E+04   0.371228E+04  -0.232545E+02   0.516551E+01   0.297766E-02
   0.630661E+04   0.312322E+04  -0.639536E+02   0.346882E+02   0.909441E-02
   0.536951E+04   0.364882E+04   0.138606E+01   0.431146E+01   0.566097E-03
   0.501171E+04   0.341400E+04   0.212594E+02   0.223466E+02   0.385546E-02
   0.557276E+04   0.355350E+04  -0.619923E+01   0.836007E+01   0.130097E-02
   0.579254E+04   0.347178E+04  -0.245035E+02   0.185406E+02   0.384093E-02
   0.452331E+04   0.349535E+04   0.167195E+02   0.173553E+02   0.301234E-02
   0.555846E+04   0.328418E+04   0.415781E+01   0.236794E+02   0.300521E-02
   0.520930E+04   0.322268E+04   0.612393E+01   0.298670E+02   0.381104E-02
   0.560562E+04   0.363302E+04  -0.174379E+02   0.527586E+01   0.227732E-02
   0.566488E+04   0.320040E+04   0.264398E+02   0.388736E+02   0.587663E-02
   0.457385E+04   0.385526E+04   0.363192E+02   0.428721E+02   0.702352E-02
   0.570361E+04   0.322929E+04  -0.132015E+02   0.334953E+02   0.450038E-02
   0.455794E+04   0.401453E+04   0.672107E+02   0.560627E+02   0.109404E-01
   0.473647E+04   0.395393E+04   0.530154E+02   0.216182E+02   0.715670E-02
   0.516491E+04   0.398869E+04   0.193588E+00   0.133521E+02   0.166919E-02
   0.465965E+04   0.319765E+04   0.355012E+01   0.327420E+02   0.411673E-02
   0.610326E+04   0.394259E+04  -0.590980E+01   0.290856E+01   0.823346E-03
   0.458769E+04   0.318845E+04   0.100283E+02   0.125456E+02   0.200764E-02
   0.583010E+04   0.403044E+04   0.181779E+02   0.508503E+01   0.235947E-02
   0.454756E+04   0.389559E+04   0.424855E+02   0.345580E+02   0.684570E-02
   0.823804E+04  -0.547063E+02   0.517984E+02   0.212496E+03   0.273397E-01
   0.763249E+04  -0.198562E+02   0.236806E+02   0.194421E+03   0.244823E-01
   0.803654E+04   0.349919E+02   0.513707E+02   0.197544E+03   0.255143E-01
   0.674896E+04   0.982317E+02   0.189160E+02   0.884547E+02   0.113068E-01
   0.700669E+04   0.723167E+02   0.340258E+02   0.161673E+03   0.206518E-01
   0.698995E+04   0.906373E+02   0.288479E+02   0.175387E+03   0.222180E-01
   0.758316E+04   0.977695E+02   0.206754E+02   0.175865E+03   0.221345E-01
   0.807737E+04   0.140276E+03   0.469153E+02   0.186048E+03   0.239840E-01
   0.695377E+04   0.138676E+03  -0.192531E+02   0.195302E+03   0.245311E-01
   0.649663E+04   0.196809E+03   0.199785E+02   0.165340E+03   0.208179E-01
   0.782756E+04   0.190813E+03   0.426505E+02   0.171512E+03   0.220920E-01
   0.793044E+04   0.267506E+03   0.244559E+02   0.162163E+03   0.204996E-01
   0.835871E+04   0.251110E+03   0.582927E+02   0.198016E+03   0.258023E-01
   0.707846E+04   0.302030E+03   0.689785E+01   0.158808E+03   0.198697E-01
   0.822733E+04   0.317909E+03   0.357212E+02   0.157973E+03   0.202451E-01
   0.738572E+04   0.344561E+03   0.245547E+02   0.147393E+03   0.186781E-01
   0.808788E+04   0.359894E+03   0.129136E+02   0.153369E+03   0.192390E-01
   0.780547E+04   0.372564E+03   0.360174E+02   0.129452E+03   0.167962E-01
   0.825837E+04   0.524724E+03   0.106188E+02   0.136188E+03   0.170752E-01
   0.797830E+04   0.471790E+03   0.292768E+01   0.137274E+03   0.171631E-01
   0.764090E+04   0.523595E+03   0.404536E+02   0.151829E+03   0.196407E-01
   0.652771E+04   0.642518E+03   0.204497E+01   0.160866E+03   0.201099E-01
   0.657817E+04   0.657213E+03  -0.432583E+01   0.128009E+03   0.160102E-01
   0.698169E+04   0.649128E+03   0.582402E+01   0.134285E+03   0.168014E-01
   0.819015E+04   0.704034E+03  -0.308677E+01   0.123793E+03   0.154789E-01
   0.708172E+04   0.813976E+03  -0.289960E+01   0.132000E+03   0.165040E-01
   0.797378E+04   0.828808E+03  -0.103420E+02   0.118087E+03   0.148174E-01
   0.657038E+04   0.891141E+03  -0.803469E+01   0.135509E+03   0.169684E-01
   0.699113E+04   0.932852E+03  -0.298857E+02   0.123800E+03   0.159195E-01
   0.665191E+04   0.979644E+03  -0.131423E+02   0.128252E+03   0.161154E-01
   0.662209E+04   0.100712E+04  -0.279077E+02   0.876159E+02   0.114941E-01
   0.657013E+04   0.989041E+03   0.432477E+01   0.124358E+03   0.155542E-01
   0.689369E+04   0.101241E+04  -0.199678E+02   0.119267E+03   0.151159E-01
   0.800849E+04   0.101432E+04  -0.201292E+02   0.117948E+03   0.149567E-01
   0.674734E+04   0.100143E+04  -0.131601E+02   0.152939E+03   0.191880E-01
   0.665234E+04   0.988639E+03  -0.247065E+02   0.178782E+03   0.225601E-01
   0.797315E+04   0.104460E+04  -0.163649E+02   0.818481E+02   0.104335E-01
   0.754320E+04   0.103895E+04  -0.914264E+01   0.133404E+03   0.167147E-01
   0.692852E+04   0.109511E+04  -0.284951E+02   0.102864E+03   0.133422E-01
   0.814605E+04   0.121952E+04   0.388778E-01   0.111534E+03   0.139417E-01
   0.662751E+04   0.131142E+04  -0.386969E+02   0.876521E+02   0.119768E-01
   0.816244E+04   0.129441E+04  -0.458084E+02   0.112820E+03   0.152206E-01
   0.779447E+04   0.136983E+04  -0.217952E+02   0.770845E+02   0.100133E-01
   0.804697E+04   0.141422E+04  -0.357063E+02   0.118234E+03   0.154385E-01
   0.828520E+04   0.154215E+04  -0.381033E+02   0.974135E+02   0.130751E-01
   0.650271E+04   0.161537E+04  -0.240200E+02   0.642083E+02   0.856927E-02
   0.674279E+04   0.162693E+04  -0.367177E+02   0.768924E+02   0.106512E-01
   0.842228E+04   0.163602E+04  -0.461069E+02   0.928578E+02   0.129593E-01
   0.738654E+04   0.166575E+04  -0.447409E+02   0.734481E+02   0.107503E-01
   0.799066E+04   0.167428E+04  -0.631371E+02   0.707653E+02   0.118546E-01
   0.683785E+04   0.169151E+04  -0.463202E+02   0.643813E+02   0.991409E-02
   0.846426E+04   0.180778E+04  -0.564548E+02   0.774300E+02   0.119782E-01
   0.777081E+04   0.186337E+04  -0.489004E+02   0.791697E+02   0.116318E-01
   0.766719E+04   0.192650E+04  -0.461473E+02   0.693494E+02   0.104125E-01
   0.780482E+04   0.195655E+04  -0.347995E+02   0.566740E+02   0.831316E-02
   0.765090E+04   0.193875E+04  -0.376550E+02   0.999763E+02   0.133540E-01
   0.791422E+04   0.205694E+04  -0.516727E+02   0.789284E+02   0.117923E-01
   0.650835E+04   0.211685E+04  -0.393579E+02   0.647929E+02   0.947626E-02
   0.752724E+04   0.211079E+04  -0.541570E+02   0.703876E+02   0.111014E-01
   0.747526E+04   0.219612E+04  -0.625644E+02   0.329360E+02   0.883802E-02
   0.825248E+04   0.222591E+04  -0.698278E+02   0.747388E+02   0.127854E-01
   0.685627E+04   0.224020E+04  -0.430551E+02   0.769136E+02   0.110181E-01
   0.730707E+04   0.226207E+04  -0.493415E+02   0.611652E+02   0.982326E-02
   0.716236E+04   0.232061E+04  -0.479346E+02   0.586495E+02   0.946827E-02
   0.744331E+04   0.242891E+04  -0.506750E+02   0.560217E+02   0.944258E-02
   0.654020E+04   0.242869E+04  -0.327039E+02   0.540614E+02   0.789796E-02
   0.688536E+04   0.252155E+04  -0.516164E+02   0.572456E+02   0.963499E-02
   0.789594E+04   0.253065E+04  -0.851435E+02   0.792237E+02   0.145376E-01
   0.793853E+04   0.258096E+04  -0.822835E+02   0.681008E+02   0.133512E-01
   0.717242E+04   0.257925E+04  -0.468571E+02   0.653086E+02   0.100474E-01
   0.708334E+04   0.261062E+04  -0.582914E+02   0.642003E+02   0.108394E-01
   0.684528E+04   0.258538E+04  -0.644441E+02   0.925650E+02   0.140986E-01
   0.700742E+04   0.264140E+04  -0.577422E+02   0.604222E+02   0.104470E-01
   0.767056E+04   0.265533E+04  -0.772111E+02   0.650118E+02   0.126170E-01
   0.700090E+04   0.265057E+04  -0.837477E+02   0.838673E+02   0.148152E-01
   0.779494E+04   0.272980E+04  -0.717502E+02   0.610354E+02   0.117748E-01
   0.660183E+04   0.278202E+04  -0.574175E+02   0.286144E+02   0.801907E-02
   0.834008E+04   0.281111E+04  -0.850185E+02   0.703089E+02   0.137906E-01
   0.773203E+04   0.286276E+04  -0.646413E+02   0.577045E+02   0.108313E-01
   0.673258E+04   0.285861E+04  -0.875727E+02   0.664160E+02   0.137387E-01
   0.817966E+04   0.288573E+04  -0.826428E+02   0.654716E+02   0.131793E-01
   0.825836E+04   0.290943E+04  -0.750894E+02   0.562912E+02   0.117308E-01
   0.722199E+04   0.292436E+04  -0.423054E+02   0.375868E+02   0.707385E-02
   0.829403E+04   0.350498E+04  -0.107253E+03   0.536155E+02   0.149885E-01
   0.692889E+04   0.351637E+04  -0.533281E+02   0.301813E+02   0.765956E-02
   0.779626E+04   0.345209E+04  -0.595784E+02   0.269411E+02   0.817332E-02
   0.699583E+04   0.379321E+04  -0.886039E+02   0.513653E+02   0.128020E-01
   0.702530E+04   0.368179E+04  -0.523996E+02   0.102769E+02   0.667473E-02
   0.692436E+04   0.365000E+04  -0.533736E+02   0.859712E+01   0.675770E-02
   0.819231E+04   0.361418E+04  -0.870843E+02   0.433132E+02   0.121576E-01
   0.777190E+04   0.353530E+04  -0.424591E+02   0.718554E+01   0.538286E-02
   0.816022E+04   0.318820E+04  -0.697958E+02   0.469419E+02   0.105141E-01
   0.851049E+04   0.346806E+04  -0.144923E+03   0.724521E+02   0.202531E-01
   0.750927E+04   0.343689E+04  -0.602185E+02   0.352465E+02   0.872191E-02
   0.651433E+04   0.337019E+04  -0.839319E+01   0.125716E+02   0.188949E-02
   0.655158E+04   0.388590E+04  -0.137071E+02   0.709571E+01   0.192935E-02
   0.739289E+04   0.332135E+04  -0.481786E+02   0.270580E+02   0.690710E-02
   0.839187E+04   0.331072E+04  -0.873267E+02   0.506819E+02   0.126211E-01
   0.770668E+04   0.330805E+04  -0.589583E+02   0.380690E+02   0.877259E-02
   0.844999E+04   0.327157E+04  -0.894998E+02   0.538751E+02   0.130580E-01
   0.714426E+04   0.326132E+04  -0.580558E+02   0.352650E+02   0.849090E-02
   0.654267E+04   0.325395E+04  -0.468281E+02   0.351064E+02   0.731579E-02
   0.819180E+04   0.321210E+04  -0.795066E+02   0.397190E+02   0.111095E-01
   0.732468E+04   0.314287E+04  -0.569319E+02   0.335585E+02   0.826080E-02
   0.739177E+04   0.402177E+04  -0.318245E+02   0.117671E+02   0.424128E-02
   0.139520E+04   0.420633E+04   0.660956E+02   0.869352E+02   0.136510E-01
   0.861507E+03   0.425770E+04   0.113749E+03   0.429159E+02   0.151970E-01
   0.105284E+04   0.427060E+04   0.110973E+03   0.440639E+02   0.149251E-01
   0.127318E+04   0.430881E+04   0.106985E+03   0.348402E+02   0.140644E-01
   0.129012E+04   0.435814E+04   0.851229E+02   0.347960E+02   0.114950E-01
   0.101907E+04   0.439182E+04   0.110234E+03   0.267458E+02   0.141790E-01
   0.499689E+02   0.438670E+04   0.174426E+03   0.449589E+02   0.225159E-01
   0.177496E+04   0.448052E+04   0.783619E+02   0.283333E+02   0.104159E-01
   0.659675E+03   0.449733E+04   0.140951E+03   0.402235E+02   0.183223E-01
   0.152127E+04   0.451747E+04   0.879363E+02   0.224512E+02   0.113446E-01
   0.947005E+03   0.452106E+04   0.122150E+03   0.316398E+02   0.157727E-01
   0.428756E+03   0.456530E+04   0.162431E+03   0.463778E+02   0.211153E-01
   0.813744E+03   0.455923E+04   0.143313E+03   0.370963E+02   0.185045E-01
   0.123666E+04   0.457926E+04   0.125545E+03   0.674945E+02   0.178172E-01
   0.121894E+03   0.462088E+04   0.160278E+03   0.369932E+02   0.205615E-01
   0.129632E+04   0.466716E+04   0.120511E+03   0.159789E+02   0.151958E-01
   0.109320E+04   0.466524E+04   0.142662E+03   0.307793E+02   0.182430E-01
   0.712815E+03   0.472709E+04   0.166478E+03   0.400684E+02   0.214040E-01
   0.134907E+04   0.474030E+04   0.118122E+03   0.179713E+02   0.149352E-01
   0.164170E+04   0.480337E+04   0.113293E+03   0.101327E+02   0.142182E-01
   0.181286E+04   0.481970E+04   0.997559E+02   0.106145E+02   0.125399E-01
   0.996903E+03   0.485507E+04   0.155515E+03   0.118192E+02   0.194954E-01
   0.301457E+03   0.488981E+04   0.188150E+03   0.296836E+02   0.238097E-01
   0.665865E+03   0.496601E+04   0.137287E+03   0.177407E+02   0.173035E-01
   0.288239E+03   0.496527E+04   0.215502E+03   0.150329E+02   0.270032E-01
   0.113197E+04   0.496870E+04   0.138263E+03   0.287420E+02   0.176524E-01
   0.313444E+02   0.499196E+04   0.194971E+03   0.266189E+02   0.245975E-01
   0.702286E+03   0.505083E+04   0.176780E+03   0.162403E+02   0.221905E-01
   0.504914E+03   0.505472E+04   0.155653E+03   0.273239E+02   0.197542E-01
   0.546994E+03   0.505770E+04   0.161625E+03   0.223001E+02   0.203945E-01
   0.108631E+04   0.506431E+04   0.130670E+03   0.241193E+02   0.166096E-01
   0.751969E+03   0.518159E+04  -0.180913E+03   0.451298E+00   0.226142E-01
   0.356093E+02   0.529847E+04   0.177463E+03   0.127826E+02   0.222404E-01
   0.758783E+03   0.539767E+04   0.174443E+03   0.786976E+01   0.218276E-01
   0.147463E+04   0.540684E+04  -0.172521E+03   0.573956E+01   0.215771E-01
   0.177547E+04   0.548741E+04  -0.129146E+03   0.424135E+01   0.161519E-01
   0.989599E+03   0.550687E+04  -0.163805E+03   0.840261E-01   0.204756E-01
   0.157592E+04   0.558482E+04  -0.155048E+03   0.105018E+02   0.194254E-01
   0.838556E+03   0.566895E+04  -0.195959E+03   0.124606E+02   0.245444E-01
   0.530656E+03   0.583719E+04  -0.198661E+03   0.219830E+01   0.248342E-01
   0.129495E+04   0.585059E+04  -0.152915E+03   0.184652E+02   0.192532E-01
   0.358656E+02   0.595778E+04   0.234041E+03   0.491556E-02   0.292551E-01
   0.158396E+04   0.595618E+04  -0.137938E+03   0.103164E+02   0.172905E-01
   0.119063E+04   0.598431E+04  -0.170422E+03   0.101940E+02   0.213409E-01
   0.170215E+04   0.600557E+04  -0.146281E+03   0.254449E+02   0.185596E-01
   0.561370E+03   0.602992E+04  -0.237610E+03   0.158592E+02   0.297673E-01
   0.108087E+04   0.604133E+04  -0.181268E+03   0.119422E+02   0.227077E-01
   0.106278E+04   0.606828E+04  -0.193117E+03   0.190696E+02   0.242570E-01
   0.690987E+03   0.607562E+04  -0.236184E+03   0.289780E+02   0.297444E-01
   0.268974E+03   0.610337E+04  -0.221707E+03   0.440625E+01   0.277188E-01
   0.651724E+03   0.612053E+04  -0.211021E+03   0.122263E+02   0.264219E-01
   0.147214E+04   0.610955E+04  -0.166124E+03   0.254237E+02   0.210073E-01
   0.916908E+03   0.611951E+04  -0.201457E+03   0.206396E+02   0.253139E-01
   0.110241E+04   0.614600E+04  -0.190038E+03   0.252631E+02   0.239638E-01
   0.121463E+04   0.617424E+04  -0.172357E+03   0.869202E+01   0.215719E-01
   0.187611E+04   0.616721E+04  -0.139171E+03   0.262331E+02   0.177027E-01
   0.145889E+04   0.618902E+04  -0.122698E+03   0.141922E+02   0.154395E-01
   0.169749E+04   0.622261E+04  -0.129920E+03   0.272136E+02   0.165924E-01
   0.187307E+04   0.633032E+04  -0.156203E+03   0.322717E+02   0.199377E-01
   0.156806E+04   0.636436E+04  -0.162949E+03   0.341421E+02   0.208109E-01
   0.153515E+04   0.638169E+04  -0.167309E+03   0.308509E+02   0.212662E-01
  -0.768576E+02   0.640679E+04   0.250621E+03   0.646751E+01   0.313380E-01
   0.115128E+04   0.651387E+04  -0.199490E+03   0.193234E+02   0.250530E-01
   0.110831E+04   0.652114E+04  -0.207180E+03   0.216808E+02   0.260389E-01
   0.191317E+04   0.655351E+04  -0.171721E+03   0.376669E+02   0.219754E-01
   0.164768E+04   0.668305E+04  -0.168345E+03   0.357797E+02   0.215132E-01
   0.587489E+03   0.676937E+04  -0.226808E+03   0.157140E+02   0.284189E-01
   0.185865E+04   0.676207E+04  -0.174229E+03   0.268268E+02   0.220353E-01
  -0.894666E+00   0.679387E+04   0.251109E+03   0.102561E+02   0.314148E-01
   0.165857E+04   0.688163E+04  -0.194493E+03   0.354831E+02   0.247129E-01
   0.746102E+03   0.694469E+04  -0.231945E+03   0.175208E+02   0.290757E-01
   0.203407E+04   0.697252E+04  -0.172305E+03   0.476270E+02   0.223457E-01
   0.645512E+03   0.700658E+04  -0.231465E+03   0.146166E+02   0.289908E-01
   0.578499E+03   0.705408E+04  -0.234515E+03   0.147210E+02   0.293721E-01
   0.124526E+04   0.708151E+04  -0.158218E+03   0.247627E+02   0.200180E-01
   0.339480E+03   0.711961E+04  -0.251594E+03   0.781547E+01   0.314644E-01
   0.162634E+04   0.714317E+04  -0.206951E+03   0.474233E+02   0.265394E-01
   0.189088E+04   0.716227E+04  -0.181366E+03   0.511145E+02   0.235539E-01
   0.916162E+03   0.724315E+04  -0.209411E+03   0.199154E+02   0.262945E-01
   0.547795E+03   0.724588E+04  -0.254485E+03   0.112171E+02   0.318415E-01
   0.167627E+04   0.728193E+04  -0.218631E+03   0.512736E+02   0.280704E-01
   0.453404E+03   0.731469E+04  -0.242511E+03   0.208799E+02   0.304260E-01
   0.951800E+03   0.789977E+04  -0.263256E+03   0.336656E+02   0.331750E-01
   0.112204E+04   0.802122E+04  -0.256365E+03   0.433570E+02   0.325007E-01
   0.247371E+02   0.819837E+04   0.307562E+03   0.104111E+02   0.384673E-01
   0.141122E+04   0.798728E+04  -0.237780E+03   0.564723E+02   0.305493E-01
   0.627367E+03   0.771361E+04  -0.242864E+03   0.278181E+02   0.305565E-01
   0.141562E+04   0.780720E+04  -0.250851E+03   0.655773E+02   0.324101E-01
   0.168295E+04   0.770563E+04  -0.210028E+03   0.596713E+02   0.272925E-01
   0.913047E+03   0.762691E+04  -0.265639E+03   0.359303E+02   0.335072E-01
   0.817287E+03   0.773439E+04  -0.252082E+03   0.315998E+02   0.317568E-01
   0.685449E+03   0.769862E+04  -0.240728E+03   0.168861E+02   0.301649E-01
   0.109900E+04   0.769180E+04  -0.240290E+03   0.412369E+02   0.304753E-01
   0.847164E+03   0.761342E+04  -0.247979E+03   0.310337E+02   0.312392E-01
   0.485991E+03   0.744064E+04  -0.286081E+03   0.290840E+02   0.359444E-01
   0.802994E+03   0.814109E+04  -0.251637E+03   0.141704E+02   0.315045E-01
   0.120122E+04   0.748841E+04  -0.246466E+03   0.389523E+02   0.311907E-01
   0.676029E+03   0.746190E+04  -0.255879E+03   0.503057E+02   0.325972E-01
   0.178048E+04   0.788224E+04  -0.207861E+03   0.590824E+02   0.270118E-01
   0.199708E+04   0.798627E+04  -0.202759E+03   0.629367E+02   0.265378E-01
  -0.650024E+02   0.803053E+04   0.303069E+03   0.239770E+01   0.378848E-01
   0.956781E+03   0.733930E+04  -0.213553E+03   0.408608E+02   0.271783E-01
   0.132904E+04   0.812688E+04  -0.238851E+03   0.434483E+02   0.303463E-01
   0.150802E+04   0.753004E+04  -0.221442E+03   0.364291E+02   0.280523E-01
   0.160700E+04   0.753271E+04  -0.209767E+03   0.442940E+02   0.267991E-01
   0.737619E+03   0.820954E+04  -0.271297E+03   0.186212E+02   0.339919E-01
  -0.316899E+02   0.812750E+04   0.311194E+03   0.183344E+02   0.389667E-01
   0.136963E+04   0.816162E+04  -0.266300E+03   0.442601E+02   0.337442E-01
   0.443110E+03   0.804436E+04  -0.298636E+03   0.134699E+02   0.373674E-01
   0.165957E+04   0.809303E+04  -0.209566E+03   0.398167E+02   0.266644E-01
   0.514086E+03   0.805579E+04  -0.289496E+03   0.230886E+02   0.363019E-01
   0.339573E+04   0.430544E+04   0.460779E+02   0.515893E+02   0.864638E-02
   0.362746E+04   0.439607E+04   0.416597E+02   0.292966E+02   0.636619E-02
   0.378084E+04   0.442079E+04   0.518618E+02   0.460780E+02   0.867182E-02
   0.258440E+04   0.440286E+04   0.415473E+02   0.321363E+02   0.656568E-02
   0.351624E+04   0.444738E+04   0.428392E+02   0.446204E+02   0.773201E-02
   0.302211E+04   0.446366E+04   0.414907E+02   0.344324E+02   0.673965E-02
   0.395848E+04   0.449706E+04   0.330085E+02   0.274930E+02   0.536981E-02
   0.312751E+04   0.451046E+04   0.532297E+02   0.341428E+02   0.790484E-02
   0.395506E+04   0.462232E+04   0.480845E+02   0.384725E+02   0.769766E-02
   0.299234E+04   0.469222E+04   0.519930E+02   0.285230E+02   0.741287E-02
   0.266339E+04   0.468774E+04   0.444009E+02   0.344240E+02   0.702279E-02
   0.290123E+04   0.474157E+04   0.672357E+02   0.288212E+02   0.914407E-02
   0.255346E+04   0.476877E+04   0.547664E+02   0.258702E+02   0.757115E-02
   0.398871E+04   0.482332E+04   0.574522E+02   0.301163E+02   0.810839E-02
   0.403934E+04   0.488934E+04   0.427365E+02   0.185434E+02   0.582326E-02
   0.400018E+04   0.489173E+04   0.446084E+02   0.161688E+02   0.593104E-02
   0.340812E+04   0.491133E+04   0.445924E+02   0.121611E+02   0.577761E-02
   0.253133E+04   0.496617E+04   0.692657E+02   0.264194E+02   0.926664E-02
   0.260324E+04   0.496651E+04   0.635893E+02   0.145630E+02   0.815444E-02
   0.285578E+04   0.506905E+04   0.535959E+02   0.746468E+01   0.676415E-02
   0.312579E+04   0.508722E+04   0.527937E+02   0.122590E+02   0.677479E-02
   0.234244E+04   0.511004E+04   0.112657E+03   0.370223E+02   0.148230E-01
   0.230235E+04   0.514091E+04   0.782259E+02   0.394413E+00   0.977836E-02
   0.412461E+04   0.519858E+04   0.401603E+02   0.108721E+02   0.520073E-02
   0.322529E+04   0.522162E+04   0.496450E+02   0.101405E+02   0.633376E-02
   0.297209E+04   0.527402E+04  -0.117074E+03   0.648086E+01   0.146567E-01
   0.389935E+04   0.529532E+04   0.242668E+02   0.147575E+01   0.303896E-02
   0.283181E+04   0.531652E+04   0.637840E+02   0.199849E+01   0.797692E-02
   0.242011E+04   0.534588E+04   0.515933E+02   0.113809E+02   0.660420E-02
   0.241422E+04   0.537633E+04   0.788953E+02   0.176344E+01   0.986437E-02
   0.231769E+04   0.535812E+04   0.806866E+02   0.321037E+01   0.100938E-01
   0.316920E+04   0.541677E+04   0.533799E+02   0.273683E+02   0.749837E-02
   0.338100E+04   0.555692E+04   0.715231E+02   0.359711E+01   0.895169E-02
   0.410156E+04   0.559445E+04   0.557582E+02   0.125253E+02   0.714346E-02
   0.344088E+04   0.559996E+04  -0.502072E+02   0.522701E+01   0.630981E-02
   0.236839E+04   0.562802E+04   0.705865E+02   0.274711E+01   0.883000E-02
   0.263940E+04   0.564110E+04  -0.765792E+02   0.341263E+01   0.958190E-02
   0.312053E+04   0.565341E+04   0.593715E+02   0.452081E+01   0.744292E-02
   0.291413E+04   0.564308E+04   0.883124E+02   0.140225E+02   0.111773E-01
   0.335441E+04   0.569602E+04   0.640147E+02   0.957687E+00   0.800273E-02
   0.401798E+04   0.567462E+04   0.700061E+02   0.909918E+01   0.882436E-02
   0.229226E+04   0.570432E+04   0.920215E+02   0.764117E+01   0.115423E-01
   0.243793E+04   0.574516E+04  -0.489547E+02   0.837613E+01   0.620827E-02
   0.393483E+04   0.580288E+04   0.658917E+02   0.955230E+01   0.832257E-02
   0.351059E+04   0.584370E+04   0.101111E+03   0.193390E+02   0.128680E-01
   0.380995E+04   0.591157E+04  -0.556738E+02   0.443489E+00   0.695944E-02
   0.384375E+04   0.590378E+04  -0.512928E+02   0.432820E+01   0.643438E-02
   0.353265E+04   0.600777E+04   0.654049E+02   0.731298E+00   0.817612E-02
   0.363397E+04   0.602470E+04  -0.729077E+02   0.103324E+02   0.920452E-02
   0.224989E+04   0.606750E+04  -0.647423E+02   0.838710E+01   0.816041E-02
   0.324889E+04   0.609400E+04  -0.861586E+02   0.210242E+02   0.110858E-01
   0.236976E+04   0.612356E+04  -0.109638E+03   0.159669E+02   0.138494E-01
   0.396594E+04   0.620292E+04  -0.995191E+02   0.245005E+02   0.128113E-01
   0.237733E+04   0.624266E+04  -0.791612E+02   0.278176E+02   0.104883E-01
   0.302122E+04   0.630211E+04  -0.743134E+02   0.178640E+02   0.955380E-02
   0.236491E+04   0.634652E+04  -0.117740E+03   0.251430E+02   0.150493E-01
   0.410460E+04   0.637131E+04  -0.753849E+02   0.137706E+02   0.957904E-02
   0.388467E+04   0.646822E+04  -0.969094E+02   0.169373E+02   0.122973E-01
   0.417124E+04   0.644671E+04  -0.869165E+02   0.130833E+02   0.109870E-01
   0.292005E+04   0.644634E+04  -0.852161E+02   0.229718E+02   0.110323E-01
   0.345138E+04   0.646463E+04  -0.591012E+02   0.219866E+02   0.788230E-02
   0.403190E+04   0.646686E+04  -0.907347E+02   0.201328E+02   0.116177E-01
   0.366772E+04   0.652821E+04  -0.730760E+02   0.165206E+02   0.936501E-02
   0.215840E+04   0.654234E+04   0.160511E+03   0.135531E+02   0.201353E-01
   0.308932E+04   0.655724E+04  -0.778948E+02   0.217424E+02   0.101090E-01
   0.304804E+04   0.654876E+04  -0.694060E+02   0.168861E+02   0.892882E-02
   0.269207E+04   0.657257E+04  -0.799451E+02   0.151413E+02   0.101708E-01
   0.314045E+04   0.665088E+04  -0.905232E+02   0.196296E+02   0.115784E-01
   0.233977E+04   0.674197E+04  -0.118994E+03   0.264719E+02   0.152379E-01
   0.407826E+04   0.683706E+04  -0.930837E+02   0.203384E+02   0.119100E-01
   0.399468E+04   0.686366E+04  -0.127596E+03   0.372460E+02   0.166152E-01
   0.390985E+04   0.694490E+04  -0.106533E+03   0.278194E+02   0.137632E-01
   0.227670E+04   0.697413E+04  -0.163139E+03   0.432626E+02   0.210973E-01
   0.347073E+04   0.698279E+04  -0.110489E+03   0.329304E+02   0.144115E-01
   0.272573E+04   0.699077E+04  -0.107709E+03   0.333641E+02   0.140948E-01
   0.244638E+04   0.715410E+04  -0.134300E+03   0.289677E+02   0.171736E-01
   0.291723E+04   0.717360E+04  -0.110018E+03   0.244623E+02   0.140881E-01
   0.362353E+04   0.721772E+04  -0.988777E+02   0.186685E+02   0.125781E-01
   0.279523E+04   0.721541E+04  -0.108276E+03   0.233711E+02   0.138463E-01
   0.337680E+04   0.723937E+04  -0.113891E+03   0.298254E+02   0.147164E-01
   0.361761E+04   0.726040E+04  -0.108665E+03   0.332648E+02   0.142053E-01
   0.413701E+04   0.783163E+04  -0.988557E+02   0.182870E+02   0.125666E-01
   0.230363E+04   0.769633E+04  -0.206752E+03   0.645427E+02   0.270740E-01
   0.376145E+04   0.778020E+04  -0.117272E+03   0.365458E+02   0.153543E-01
   0.289539E+04   0.763839E+04  -0.139335E+03   0.247493E+02   0.176895E-01
   0.347653E+04   0.769466E+04  -0.119076E+03   0.334093E+02   0.154592E-01
   0.334800E+04   0.766898E+04  -0.113296E+03   0.270442E+02   0.145599E-01
   0.345630E+04   0.781431E+04  -0.111940E+03   0.403786E+02   0.148750E-01
   0.349855E+04   0.821935E+04  -0.106137E+03   0.486295E+02   0.145934E-01
   0.294859E+04   0.751871E+04  -0.125716E+03   0.237776E+02   0.159931E-01
   0.357871E+04   0.741615E+04  -0.116753E+03   0.339381E+02   0.151982E-01
   0.337428E+04   0.738397E+04  -0.110134E+03   0.324747E+02   0.143528E-01
   0.295558E+04   0.739657E+04  -0.147555E+03   0.316531E+02   0.188640E-01
   0.415383E+04   0.735468E+04  -0.110277E+03   0.323792E+02   0.143665E-01
   0.250963E+04   0.730618E+04  -0.189258E+03   0.422222E+02   0.242389E-01
   0.376801E+04   0.738683E+04  -0.812926E+02   0.328935E+02   0.109619E-01
   0.320344E+04   0.784795E+04  -0.138332E+03   0.470137E+02   0.182629E-01
   0.291641E+04   0.786612E+04  -0.130422E+03   0.530349E+02   0.175991E-01
   0.257276E+04   0.816019E+04  -0.152217E+03   0.338053E+02   0.194907E-01
   0.396123E+04   0.803526E+04  -0.806076E+02   0.360046E+02   0.110354E-01
   0.382339E+04   0.792571E+04  -0.940031E+02   0.426049E+02   0.129009E-01
   0.350847E+04   0.788196E+04  -0.944949E+02   0.379773E+02   0.127301E-01
   0.418920E+04   0.799210E+04  -0.127708E+03   0.491149E+02   0.171033E-01
   0.239648E+04   0.810857E+04  -0.192430E+03   0.561457E+02   0.250567E-01
   0.251430E+04   0.755543E+04  -0.156727E+03   0.489508E+02   0.205242E-01
   0.265739E+04   0.807719E+04  -0.174169E+03   0.494043E+02   0.226300E-01
   0.248781E+04   0.789160E+04  -0.174911E+03   0.714508E+02   0.236178E-01
   0.496320E+04   0.424846E+04   0.377473E+02   0.251271E+02   0.566821E-02
   0.473490E+04   0.428195E+04   0.431918E+02   0.354127E+02   0.698166E-02
   0.498607E+04   0.430407E+04   0.492318E+02   0.501378E+02   0.878348E-02
   0.597445E+04   0.436306E+04   0.533640E+02   0.280916E+02   0.753829E-02
   0.540189E+04   0.439235E+04   0.432711E+02   0.255671E+02   0.628250E-02
   0.536559E+04   0.438245E+04   0.410461E+02   0.260970E+02   0.607998E-02
   0.527028E+04   0.446279E+04   0.524937E+02   0.212653E+02   0.707968E-02
   0.511685E+04   0.445217E+04   0.518572E+02   0.326985E+02   0.766318E-02
   0.542158E+04   0.445473E+04   0.494411E+02   0.164286E+02   0.651239E-02
   0.562386E+04   0.446955E+04   0.568910E+02   0.276980E+02   0.790941E-02
   0.601964E+04   0.452089E+04   0.543418E+02   0.165281E+02   0.709996E-02
   0.506809E+04   0.461157E+04   0.582597E+02   0.139819E+02   0.748925E-02
   0.470047E+04   0.458473E+04   0.467389E+02   0.293743E+02   0.690038E-02
   0.497684E+04   0.461350E+04   0.565362E+02   0.158259E+02   0.733868E-02
   0.593258E+04   0.474200E+04   0.869878E+02   0.105007E+02   0.109524E-01
   0.447741E+04   0.475388E+04   0.396126E+02   0.140188E+02   0.525251E-02
   0.502837E+04   0.482223E+04   0.596641E+02   0.186725E+02   0.781472E-02
   0.540233E+04   0.487421E+04   0.641077E+02   0.782476E+01   0.807293E-02
   0.576422E+04   0.489981E+04  -0.443966E+02   0.629967E+01   0.560517E-02
   0.546630E+04   0.490768E+04   0.847057E+02   0.741642E+01   0.106287E-01
   0.580895E+04   0.492817E+04   0.694966E+02   0.159210E+02   0.891212E-02
   0.447123E+04   0.494169E+04   0.680715E+02   0.263947E+02   0.912621E-02
   0.497294E+04   0.507680E+04   0.678994E+02   0.168308E+02   0.874429E-02
   0.615971E+04   0.511063E+04   0.115494E+03   0.107638E+02   0.144993E-01
   0.500237E+04   0.510006E+04   0.536221E+02   0.642078E+01   0.675064E-02
   0.475506E+04   0.509011E+04   0.813883E+02   0.953113E+01   0.102431E-01
   0.509426E+04   0.510924E+04   0.400121E+02   0.698030E+01   0.507705E-02
   0.441304E+04   0.514305E+04   0.546968E+02   0.188367E+02   0.723119E-02
   0.602305E+04   0.516526E+04   0.100181E+03   0.585879E+01   0.125440E-01
   0.490778E+04   0.517966E+04   0.625146E+02   0.110858E+02   0.793623E-02
   0.485778E+04   0.522365E+04   0.706981E+02   0.166358E+02   0.907862E-02
   0.478341E+04   0.530371E+04   0.560505E+02   0.548349E+01   0.703977E-02
   0.595015E+04   0.536344E+04   0.900182E+02   0.934524E+01   0.113127E-01
   0.475602E+04   0.539368E+04   0.644681E+02   0.166369E+02   0.832253E-02
   0.618232E+04   0.541148E+04   0.102296E+03   0.476095E+01   0.128008E-01
   0.560684E+04   0.544202E+04   0.108845E+03   0.541585E+01   0.136225E-01
   0.542483E+04   0.544128E+04   0.103124E+03   0.289444E+02   0.133886E-01
   0.490020E+04   0.551570E+04   0.595251E+02   0.106950E+02   0.755979E-02
   0.606834E+04   0.551333E+04   0.879046E+02   0.130151E+02   0.111079E-01
   0.563071E+04   0.554187E+04   0.781765E+02   0.132734E+02   0.991191E-02
   0.502874E+04   0.553629E+04   0.728073E+02   0.115437E+02   0.921460E-02
   0.501640E+04   0.564125E+04  -0.572518E+02   0.778991E+00   0.715714E-02
   0.470762E+04   0.565387E+04   0.523769E+02   0.159053E+02   0.684233E-02
   0.463569E+04   0.570966E+04  -0.352346E+02   0.773579E+00   0.440539E-02
   0.602354E+04   0.571958E+04   0.978995E+02   0.887225E+01   0.122876E-01
   0.495928E+04   0.572963E+04   0.335782E+02   0.471089E+01   0.423839E-02
   0.490761E+04   0.573980E+04   0.173984E+02   0.561884E+01   0.228540E-02
   0.606521E+04   0.579832E+04  -0.984532E+02   0.238749E+01   0.123103E-01
   0.572047E+04   0.591174E+04  -0.122997E+03   0.144095E+01   0.153757E-01
   0.631103E+04   0.596531E+04  -0.114479E+03   0.456349E+01   0.143212E-01
   0.455746E+04   0.603470E+04  -0.608853E+02   0.693524E+00   0.761115E-02
   0.547714E+04   0.609762E+04   0.881389E+02   0.392060E+01   0.110283E-01
   0.525691E+04   0.610722E+04  -0.946519E+02   0.838421E+00   0.118320E-01
   0.548363E+04   0.612280E+04   0.901601E+02   0.155416E+02   0.114362E-01
   0.581966E+04   0.614537E+04  -0.114442E+03   0.829453E+01   0.143428E-01
   0.630205E+04   0.617097E+04  -0.163414E+03   0.288192E+01   0.204299E-01
   0.511949E+04   0.618028E+04   0.798427E+02   0.555913E+00   0.998058E-02
   0.509001E+04   0.619260E+04   0.618508E+02   0.107312E+02   0.784685E-02
   0.622752E+04   0.619874E+04   0.955742E+02   0.138195E+02   0.120710E-01
   0.543068E+04   0.620852E+04   0.908658E+02   0.578227E+01   0.113812E-01
   0.539222E+04   0.631432E+04   0.958371E+02   0.228726E+01   0.119830E-01
   0.478957E+04   0.645713E+04   0.842526E+02   0.304878E+01   0.105385E-01
   0.464237E+04   0.654641E+04  -0.851202E+02   0.141691E+01   0.106415E-01
   0.565872E+04   0.656249E+04   0.835654E+02   0.505357E+00   0.104459E-01
   0.543194E+04   0.658401E+04   0.822352E+02   0.241531E+01   0.102838E-01
   0.443917E+04   0.661531E+04  -0.851003E+02   0.135392E+02   0.107713E-01
   0.447646E+04   0.659185E+04   0.306126E+02   0.116654E+02   0.409499E-02
   0.524009E+04   0.661426E+04   0.669387E+02   0.114384E+02   0.848863E-02
   0.482199E+04   0.662868E+04  -0.101638E+03   0.194233E+01   0.127071E-01
   0.476371E+04   0.668513E+04  -0.834782E+02   0.142781E+01   0.104363E-01
   0.621233E+04   0.669897E+04  -0.180886E+03   0.258693E+02   0.228408E-01
   0.469050E+04   0.671743E+04   0.668432E+02   0.132800E+01   0.835705E-02
   0.606929E+04   0.680429E+04   0.825667E+02   0.753871E+01   0.103638E-01
   0.556761E+04   0.683163E+04   0.518941E+02   0.129589E+02   0.668596E-02
   0.526557E+04   0.689985E+04  -0.898085E+02   0.111173E+02   0.113117E-01
   0.611495E+04   0.693201E+04  -0.864530E+02   0.553241E+01   0.108287E-01
   0.469174E+04   0.706049E+04  -0.122904E+03   0.147742E+02   0.154736E-01
   0.553073E+04   0.715974E+04   0.633548E+02   0.131839E+02   0.808901E-02
   0.555750E+04   0.717253E+04  -0.749871E+02   0.519945E+01   0.939589E-02
   0.601100E+04   0.722223E+04   0.101661E+03   0.368127E+01   0.127159E-01
   0.587039E+04   0.725369E+04  -0.971607E+02   0.725296E+01   0.121789E-01
   0.560985E+04   0.731362E+04  -0.926468E+02   0.628186E+01   0.116074E-01
   0.602796E+04   0.793638E+04   0.108001E+03   0.950682E+01   0.135523E-01
   0.485915E+04   0.787164E+04   0.114625E+03   0.771333E+00   0.143284E-01
   0.480593E+04   0.772196E+04   0.674216E+02   0.241215E+01   0.843309E-02
   0.442212E+04   0.783883E+04  -0.938479E+02   0.106299E+02   0.118060E-01
   0.580174E+04   0.739631E+04  -0.875188E+02   0.453800E+01   0.109545E-01
   0.587354E+04   0.779585E+04  -0.910900E+02   0.187445E+02   0.116248E-01
   0.525964E+04   0.780297E+04  -0.908070E+02   0.291039E+01   0.113567E-01
   0.506549E+04   0.772983E+04  -0.677296E+02   0.116305E+02   0.859012E-02
   0.529623E+04   0.773548E+04  -0.715376E+02   0.721704E+01   0.898759E-02
   0.597965E+04   0.763964E+04   0.100471E+03   0.502102E+00   0.125590E-01
   0.576103E+04   0.754713E+04   0.940374E+02   0.879283E+01   0.118059E-01
   0.538616E+04   0.752773E+04   0.794881E+02   0.268549E+01   0.994168E-02
   0.475097E+04   0.750809E+04  -0.816130E+02   0.243568E+02   0.106463E-01
   0.557183E+04   0.749520E+04  -0.875427E+02   0.122587E+02   0.110496E-01
   0.540661E+04   0.750644E+04  -0.775444E+02   0.131377E+01   0.969444E-02
   0.610255E+04   0.744230E+04   0.102041E+03   0.243970E+01   0.127588E-01
   0.491366E+04   0.813850E+04   0.811550E+02   0.403241E+00   0.101445E-01
   0.554998E+04   0.798827E+04   0.883074E+02   0.674689E+01   0.110706E-01
   0.543185E+04   0.820357E+04   0.110373E+03   0.100560E+01   0.137972E-01
   0.583063E+04   0.792978E+04   0.993709E+02   0.902540E+01   0.124725E-01
   0.511436E+04   0.813785E+04   0.839945E+02   0.266252E+01   0.105046E-01
   0.525144E+04   0.810370E+04  -0.653288E+02   0.219856E+01   0.817073E-02
   0.612472E+04   0.809436E+04  -0.122004E+03   0.125301E+01   0.152513E-01
   0.550384E+04   0.789810E+04  -0.876704E+02   0.136243E+02   0.110903E-01
   0.480850E+04   0.810525E+04  -0.883917E+02   0.482802E+01   0.110654E-01
   0.771380E+04   0.424065E+04  -0.122914E+03   0.339510E+02   0.159396E-01
   0.796893E+04   0.426184E+04  -0.746312E+02   0.332960E+02   0.102152E-01
   0.771099E+04   0.427117E+04  -0.105866E+03   0.385156E+02   0.140818E-01
   0.676055E+04   0.435392E+04   0.238455E+02   0.562103E+01   0.306238E-02
   0.759451E+04   0.436887E+04  -0.788628E+02   0.164520E+02   0.100701E-01
   0.748853E+04   0.441322E+04  -0.837704E+02   0.160519E+02   0.106618E-01
   0.681707E+04   0.438444E+04   0.574188E+02   0.233126E+02   0.774636E-02
   0.649659E+04   0.442374E+04   0.547660E+02   0.309811E+01   0.685670E-02
   0.743970E+04   0.446818E+04  -0.874974E+02   0.205104E+02   0.112336E-01
   0.701620E+04   0.450937E+04  -0.922689E+02   0.691368E+01   0.115659E-01
   0.760276E+04   0.450092E+04   0.871630E+02   0.115972E+02   0.109914E-01
   0.706787E+04   0.453158E+04  -0.844471E+02   0.959269E+01   0.106238E-01
   0.837519E+04   0.452304E+04  -0.137871E+03   0.330141E+02   0.177210E-01
   0.683628E+04   0.463846E+04  -0.958247E+02   0.437968E+01   0.119906E-01
   0.732881E+04   0.467983E+04   0.873568E+02   0.384589E-01   0.109196E-01
   0.667335E+04   0.470337E+04  -0.930480E+02   0.762007E-02   0.116310E-01
   0.847478E+04   0.470260E+04  -0.186349E+03   0.454922E+02   0.239776E-01
   0.718136E+04   0.471962E+04   0.948885E+02   0.137042E+02   0.119841E-01
   0.787660E+04   0.481112E+04  -0.115336E+03   0.682993E+01   0.144422E-01
   0.651884E+04   0.483986E+04   0.810408E+02   0.190625E+01   0.101329E-01
   0.780631E+04   0.484438E+04  -0.114004E+03   0.175900E+02   0.144191E-01
   0.828301E+04   0.483198E+04  -0.136791E+03   0.477720E+02   0.181117E-01
   0.685801E+04   0.489141E+04   0.107561E+03   0.939544E+01   0.134963E-01
   0.821398E+04   0.491047E+04  -0.141357E+03   0.264695E+02   0.179768E-01
   0.737653E+04   0.494486E+04  -0.111164E+03   0.109839E+02   0.139632E-01
   0.664791E+04   0.500814E+04   0.118706E+03   0.185650E+02   0.150186E-01
   0.654625E+04   0.511395E+04   0.959969E+02   0.123572E+02   0.120986E-01
   0.747164E+04   0.513728E+04   0.105069E+03   0.568289E+01   0.131528E-01
   0.840640E+04   0.524336E+04  -0.168304E+03   0.407400E+02   0.216456E-01
   0.827514E+04   0.522209E+04  -0.126507E+03   0.289447E+02   0.162220E-01
   0.768568E+04   0.522924E+04  -0.158252E+03   0.344671E+01   0.197862E-01
   0.731883E+04   0.526621E+04  -0.119289E+03   0.655490E+01   0.149336E-01
   0.790737E+04   0.528778E+04  -0.159270E+03   0.111297E+02   0.199574E-01
   0.735774E+04   0.527744E+04  -0.967040E+02   0.177925E+02   0.122909E-01
   0.675213E+04   0.538309E+04   0.952556E+02   0.444527E+01   0.119199E-01
   0.838244E+04   0.540489E+04  -0.149113E+03   0.276490E+02   0.189568E-01
   0.823631E+04   0.542278E+04  -0.156569E+03   0.121470E+02   0.196300E-01
   0.789133E+04   0.543946E+04  -0.159074E+03   0.166163E+02   0.199924E-01
   0.776373E+04   0.544782E+04  -0.128489E+03   0.946414E+00   0.160615E-01
   0.679198E+04   0.550447E+04  -0.119477E+03   0.301607E+01   0.149393E-01
   0.741769E+04   0.551897E+04  -0.157405E+03   0.387331E+01   0.196815E-01
   0.776844E+04   0.551587E+04  -0.118829E+03   0.143680E+02   0.149618E-01
   0.724428E+04   0.556154E+04  -0.162317E+03   0.694052E+01   0.203082E-01
   0.784979E+04   0.562611E+04  -0.159059E+03   0.673032E+01   0.199001E-01
   0.759974E+04   0.568936E+04  -0.131018E+03   0.119286E+02   0.164450E-01
   0.700800E+04   0.573255E+04  -0.140834E+03   0.604038E+01   0.176204E-01
   0.746595E+04   0.576118E+04  -0.111212E+03   0.109123E+02   0.139683E-01
   0.727426E+04   0.578091E+04  -0.136774E+03   0.128035E+02   0.171715E-01
   0.685159E+04   0.584038E+04  -0.122343E+03   0.220693E+02   0.155397E-01
   0.661633E+04   0.581845E+04  -0.119531E+03   0.464269E+01   0.149526E-01
   0.731160E+04   0.580756E+04  -0.140892E+03   0.121476E+02   0.176769E-01
   0.752820E+04   0.583720E+04  -0.153681E+03   0.117046E+02   0.192658E-01
   0.804632E+04   0.586082E+04  -0.136350E+03   0.223597E+02   0.172714E-01
   0.846319E+04   0.591314E+04  -0.211942E+03   0.362532E+02   0.268775E-01
   0.692636E+04   0.596303E+04  -0.130640E+03   0.702958E+01   0.163536E-01
   0.773906E+04   0.598075E+04  -0.175048E+03   0.165518E+02   0.219786E-01
   0.655821E+04   0.601098E+04  -0.135321E+03   0.167478E+02   0.170442E-01
   0.846268E+04   0.604256E+04  -0.169519E+03   0.204575E+02   0.213436E-01
   0.743113E+04   0.607319E+04  -0.119206E+03   0.754309E+01   0.149305E-01
   0.677915E+04   0.610336E+04  -0.141613E+03   0.116528E+02   0.177615E-01
   0.815058E+04   0.611695E+04  -0.199064E+03   0.281759E+02   0.251310E-01
   0.748342E+04   0.621702E+04  -0.139901E+03   0.694862E+01   0.175092E-01
   0.759705E+04   0.635099E+04  -0.126141E+03   0.504081E+01   0.157802E-01
   0.653903E+04   0.636548E+04   0.146129E+03   0.707753E+01   0.182876E-01
   0.852921E+04   0.637847E+04  -0.180718E+03   0.193324E+02   0.227186E-01
   0.731127E+04   0.649358E+04  -0.159648E+03   0.500593E+01   0.199658E-01
   0.850212E+04   0.647020E+04  -0.170328E+03   0.368993E+02   0.217849E-01
   0.820201E+04   0.655916E+04  -0.198970E+03   0.201647E+02   0.249986E-01
   0.682880E+04   0.664169E+04   0.136241E+03   0.223274E+02   0.172573E-01
   0.698251E+04   0.668282E+04  -0.137883E+03   0.869776E+01   0.172697E-01
   0.692560E+04   0.672828E+04   0.137034E+03   0.754224E+01   0.171551E-01
   0.826380E+04   0.673205E+04  -0.169396E+03   0.274172E+02   0.214500E-01
   0.804532E+04   0.674162E+04  -0.176224E+03   0.200758E+02   0.221705E-01
   0.853434E+04   0.680400E+04  -0.201986E+03   0.282683E+02   0.254943E-01
   0.699005E+04   0.692416E+04  -0.160784E+03   0.508601E+01   0.201081E-01
   0.775238E+04   0.694272E+04   0.141124E+03   0.442305E+01   0.176491E-01
   0.733698E+04   0.697112E+04   0.112939E+03   0.111797E+02   0.141864E-01
   0.730616E+04   0.697530E+04   0.131487E+03   0.179956E+01   0.164375E-01
   0.733509E+04   0.697627E+04   0.391307E+02   0.179621E+02   0.538205E-02
   0.769906E+04   0.699787E+04  -0.160275E+03   0.619461E+01   0.200493E-01
   0.705199E+04   0.708586E+04  -0.122941E+03   0.145495E+01   0.153687E-01
   0.716083E+04   0.708111E+04   0.119123E+03   0.171304E+02   0.150435E-01
   0.673461E+04   0.711146E+04   0.109020E+03   0.191286E+02   0.138356E-01
   0.643772E+04   0.717581E+04   0.105026E+03   0.901762E+01   0.131766E-01
   0.676228E+04   0.716925E+04   0.109435E+03   0.705252E+01   0.137078E-01
   0.722641E+04   0.719237E+04   0.130329E+03   0.105230E+02   0.163441E-01
   0.732672E+04   0.721936E+04   0.161947E+03   0.868583E+01   0.202725E-01
   0.746944E+04   0.728703E+04   0.158075E+03   0.708431E+00   0.197596E-01
   0.694838E+04   0.764151E+04  -0.131711E+03   0.144321E+02   0.165624E-01
   0.709559E+04   0.784930E+04  -0.136282E+03   0.545752E+01   0.170489E-01
   0.654720E+04   0.770538E+04   0.124192E+03   0.171711E+02   0.156717E-01
   0.703245E+04   0.784992E+04   0.149934E+03   0.105303E+01   0.187422E-01
   0.758842E+04   0.784696E+04   0.984596E+02   0.134521E+01   0.123086E-01
   0.820312E+04   0.752895E+04  -0.149388E+03   0.169496E+02   0.187933E-01
   0.799089E+04   0.759717E+04  -0.173932E+03   0.498348E+02   0.226164E-01
   0.693220E+04   0.756155E+04   0.132462E+03   0.834845E+01   0.165906E-01
   0.682119E+04   0.756111E+04   0.153619E+03   0.107661E+02   0.192495E-01
   0.823399E+04   0.730554E+04  -0.189316E+03   0.243348E+02   0.238592E-01
   0.690970E+04   0.760111E+04   0.142599E+03   0.159086E+02   0.179355E-01
   0.659039E+04   0.748113E+04   0.102508E+03   0.103601E+02   0.128787E-01
   0.757188E+04   0.742522E+04  -0.161668E+03   0.323026E+02   0.206079E-01
   0.828117E+04   0.793058E+04  -0.189318E+03   0.223906E+02   0.238297E-01
   0.831451E+04   0.815994E+04  -0.195542E+03   0.439269E+02   0.250519E-01
   0.812059E+04   0.740258E+04  -0.169861E+03   0.111276E+02   0.212782E-01
   0.653868E+04   0.776933E+04   0.127967E+03   0.248416E+02   0.162945E-01
   0.745577E+04   0.734610E+04   0.153024E+03   0.297106E+01   0.191316E-01
   0.776578E+04   0.788968E+04  -0.159718E+03   0.381789E+01   0.199705E-01
   0.753057E+04   0.783598E+04  -0.167668E+03   0.982614E+01   0.209944E-01
   0.803066E+04   0.820906E+04  -0.135873E+03   0.102101E+02   0.170321E-01
   0.762013E+04   0.815862E+04   0.174400E+03   0.839902E+00   0.218002E-01
   0.736471E+04   0.814803E+04  -0.184860E+03   0.187360E+01   0.231087E-01
   0.688785E+04   0.813029E+04   0.150611E+03   0.230786E+01   0.188285E-01
   0.819392E+04   0.805054E+04  -0.183458E+03   0.351940E+02   0.233504E-01
   0.810477E+04   0.804241E+04  -0.179963E+03   0.117707E+02   0.225435E-01
