   0.157433E+04   0.958344E+02  -0.456303E+02   0.746896E+00   0.570456E-02
   0.159633E+04   0.133600E+03   0.439625E+02   0.108433E+01   0.549698E-02
   0.646406E+03   0.101150E+03   0.704316E+02   0.194913E+02   0.913486E-02
   0.144420E+04   0.165353E+03   0.351272E+02   0.480000E-02   0.439090E-02
   0.140951E+04   0.198813E+03  -0.519647E+02   0.485424E+01   0.652387E-02
   0.152306E+04   0.209384E+03   0.614947E+02   0.244032E+01   0.769289E-02
   0.130884E+04   0.249332E+03   0.280970E+02   0.251210E+00   0.351226E-02
   0.291664E+03   0.216944E+03   0.169686E+03   0.272375E+02   0.214823E-01
   0.165904E+04   0.317195E+03  -0.299680E+02   0.393468E+01   0.377815E-02
   0.118665E+04   0.337146E+03   0.380440E+02   0.120745E+02   0.498928E-02
   0.899867E+03   0.458894E+03   0.468666E+02   0.189713E+02   0.632009E-02
   0.139928E+04   0.467834E+03  -0.116922E+02   0.889251E+01   0.183620E-02
   0.521049E+03   0.558561E+03   0.559452E+02   0.119107E+01   0.699474E-02
   0.928220E+03   0.577709E+03  -0.334680E+02   0.334985E+01   0.420441E-02
   0.523901E+03   0.600824E+03  -0.730606E+02   0.235338E+02   0.959467E-02
   0.162820E+04   0.711459E+03  -0.429534E+02   0.801941E+01   0.546195E-02
   0.361992E+03   0.709665E+03   0.455579E+02   0.126088E+01   0.569692E-02
   0.467503E+03   0.725731E+03  -0.584141E+02   0.224797E+00   0.730182E-02
   0.162702E+04   0.817095E+03  -0.531154E+02   0.947274E+01   0.674419E-02
   0.351011E+03   0.826802E+03   0.501175E+02   0.504456E+01   0.629634E-02
   0.843077E+03   0.841840E+03  -0.381737E+02   0.187811E+02   0.531796E-02
   0.914832E+03   0.896087E+03   0.194298E+02   0.297425E+01   0.245701E-02
   0.569424E+03   0.865371E+03  -0.202273E+02   0.506225E+01   0.260639E-02
   0.123030E+04   0.918977E+03  -0.244624E+02   0.111620E+02   0.336108E-02
   0.451651E+03   0.103840E+04  -0.171358E+02   0.609577E+01   0.227346E-02
   0.162658E+03   0.106277E+04  -0.353852E+02   0.468452E+01   0.446174E-02
   0.140865E+04   0.105738E+04  -0.622566E+02   0.284727E+02   0.855732E-02
   0.893458E+02   0.114348E+04  -0.565240E+02   0.127006E+02   0.724166E-02
   0.166477E+04   0.108974E+04  -0.309848E+02   0.103336E+02   0.408282E-02
   0.781982E+03   0.110848E+04  -0.346618E+02   0.237475E+01   0.434288E-02
   0.166288E+04   0.109269E+04  -0.753237E+02   0.927717E+01   0.948661E-02
   0.109935E+04   0.116861E+04  -0.154474E+02   0.102521E+02   0.231748E-02
   0.211898E+03   0.114666E+04   0.568707E+02   0.197275E+02   0.752438E-02
   0.171777E+03   0.119346E+04  -0.201932E+02   0.364811E+01   0.256501E-02
   0.337543E+03   0.120800E+04  -0.261573E+02   0.183811E+02   0.399623E-02
   0.130009E+04   0.124905E+04  -0.255637E+02   0.633477E+01   0.329211E-02
   0.150157E+04   0.125187E+04  -0.389999E+02   0.105123E+02   0.504897E-02
   0.103586E+04   0.128848E+04  -0.190106E+02   0.978988E+01   0.267291E-02
   0.157556E+04   0.128560E+04  -0.189035E+02   0.834577E+01   0.258298E-02
   0.157467E+04   0.132668E+04   0.552131E+02   0.109021E+01   0.690298E-02
   0.155132E+04   0.137809E+04  -0.209745E+02   0.471521E+01   0.268725E-02
   0.132287E+04   0.134507E+04  -0.308043E+02   0.182153E+02   0.447336E-02
   0.195698E+04   0.144676E+04  -0.475716E+02   0.116766E+02   0.612296E-02
   0.159165E+04   0.146282E+04  -0.442649E+02   0.177663E+01   0.553757E-02
   0.936188E+03   0.146665E+04  -0.195414E+02   0.851122E+01   0.266432E-02
   0.514766E+03   0.148622E+04  -0.402094E+02   0.375952E+01   0.504810E-02
   0.635633E+03   0.148205E+04  -0.361278E+02   0.448431E+00   0.451632E-02
   0.685441E+03   0.151664E+04   0.226978E+02   0.979844E+01   0.309031E-02
   0.115811E+04   0.152707E+04  -0.402744E+02   0.162219E+02   0.542733E-02
   0.348757E+03   0.162202E+04   0.221427E+02   0.570700E+01   0.285829E-02
   0.941460E+03   0.163055E+04  -0.217057E+02   0.149160E+02   0.329210E-02
   0.432071E+03   0.173606E+04   0.322318E+02   0.462324E+01   0.407022E-02
   0.294826E+03   0.173592E+04   0.730085E+02   0.123293E+02   0.925529E-02
   0.199855E+04   0.179220E+04  -0.130511E+02   0.623887E+01   0.180821E-02
   0.170592E+03   0.184424E+04   0.614017E+02   0.287515E+01   0.768362E-02
   0.969869E+02   0.184631E+04   0.567001E+02   0.151805E+02   0.733714E-02
   0.169885E+04   0.185690E+04  -0.159643E+02   0.494456E+01   0.208906E-02
   0.182963E+04   0.190616E+04  -0.236063E+01   0.358989E+01   0.537062E-03
   0.172049E+04   0.189737E+04   0.141196E+02   0.968800E+01   0.214046E-02
   0.161255E+04   0.195532E+04   0.201181E+02   0.408531E+01   0.256609E-02
   0.159743E+04   0.193309E+04  -0.354105E+02   0.334785E+02   0.609137E-02
   0.148426E+03   0.199233E+04   0.455530E+02   0.485494E+01   0.572638E-02
   0.205984E+03   0.195697E+04   0.417838E+02   0.235194E+02   0.599355E-02
   0.188502E+04   0.205077E+04   0.323964E+01   0.221724E+02   0.280098E-02
   0.113378E+04   0.213187E+04  -0.196346E+02   0.104174E+02   0.277837E-02
   0.147897E+04   0.208160E+04  -0.373351E+02   0.232605E+02   0.549852E-02
   0.175722E+04   0.210798E+04  -0.147690E+01   0.123172E+02   0.155068E-02
   0.801760E+03   0.212173E+04   0.299860E+02   0.766696E+01   0.386883E-02
   0.781157E+03   0.214202E+04  -0.252886E+02   0.146628E+02   0.365400E-02
   0.290816E+03   0.221739E+04  -0.275422E+02   0.294835E+01   0.346245E-02
   0.186837E+04   0.229574E+04   0.119011E+02   0.782486E+00   0.149085E-02
   0.272336E+03   0.235240E+04  -0.153609E+02   0.610382E+01   0.206615E-02
   0.549954E+03   0.240435E+04  -0.255393E+02   0.908839E+01   0.338853E-02
   0.131463E+04   0.236705E+04   0.832381E+01   0.175623E+01   0.106338E-02
   0.151858E+04   0.244426E+04   0.738000E+00   0.397494E+01   0.505359E-03
   0.105528E+04   0.249341E+04   0.131673E+02   0.135894E+02   0.236528E-02
   0.115444E+04   0.247032E+04   0.477634E+01   0.249138E+00   0.597854E-03
   0.787175E+03   0.253676E+04   0.169999E+02   0.151828E+02   0.284911E-02
   0.107960E+04   0.259321E+04   0.670041E+02   0.710684E+01   0.842250E-02
   0.889746E+03   0.263665E+04   0.882683E+01   0.377539E+01   0.120004E-02
   0.184004E+04   0.261974E+04   0.463294E+02   0.556064E+02   0.904717E-02
   0.891285E+03   0.267892E+04   0.223494E+02   0.155197E+02   0.340119E-02
   0.986172E+02   0.276705E+04   0.280355E+02   0.197448E+01   0.351312E-02
   0.148238E+04   0.280535E+04   0.705081E+01   0.144750E+02   0.201262E-02
   0.192115E+04   0.291094E+04   0.105087E+02   0.261264E+02   0.352009E-02
   0.195265E+04   0.288848E+04   0.371284E+02   0.257845E+02   0.565044E-02
   0.143806E+04   0.291090E+04   0.259027E+02   0.137754E+02   0.366723E-02
   0.192040E+04   0.303800E+04  -0.160301E+02   0.429071E+01   0.207430E-02
   0.133240E+04   0.382480E+04   0.397114E+02   0.246076E+02   0.583970E-02
   0.177810E+04   0.401223E+04  -0.853840E+01   0.475618E+01   0.122171E-02
   0.157388E+04   0.359197E+04   0.169903E+02   0.148848E+01   0.213193E-02
   0.180019E+04   0.388773E+04   0.892595E+01   0.481097E+00   0.111736E-02
   0.825597E+03   0.353310E+04   0.338471E+02   0.864003E-01   0.423090E-02
   0.279581E+03   0.373368E+04  -0.315417E+02   0.697192E+01   0.403788E-02
   0.452111E+03   0.396329E+04   0.173127E+02   0.725445E+01   0.234640E-02
   0.189604E+04   0.374254E+04   0.288069E+02   0.722116E+01   0.371228E-02
   0.150084E+04   0.395923E+04   0.283197E+02   0.114149E+02   0.381671E-02
   0.422057E+03   0.367909E+04  -0.366006E+02   0.107085E+01   0.457703E-02
   0.754641E+03   0.390861E+04  -0.332599E+02   0.557636E+01   0.421552E-02
   0.106372E+04   0.328802E+04   0.146053E+02   0.100699E+02   0.221754E-02
   0.982105E+03   0.336141E+04   0.123130E+02   0.581971E+01   0.170239E-02
   0.198525E+04   0.334660E+04   0.144571E+02   0.673684E+01   0.199372E-02
   0.107387E+04   0.333839E+04  -0.647748E+01   0.334043E+00   0.810761E-03
   0.751896E+03   0.388046E+04   0.269210E+02   0.191073E+02   0.412657E-02
   0.185644E+04   0.381506E+04   0.204521E+02   0.150975E+02   0.317762E-02
   0.150477E+04   0.318549E+04   0.236654E+02   0.292057E+02   0.469877E-02
   0.764457E+03   0.392394E+04   0.597479E+02   0.593263E+01   0.750521E-02
   0.647777E+03   0.326443E+04   0.135051E+02   0.267566E+02   0.374646E-02
   0.380166E+04   0.844114E+02   0.433293E+02   0.101746E+02   0.556349E-02
   0.383315E+04   0.201172E+03   0.177760E+02   0.585231E+01   0.233932E-02
   0.297936E+04   0.128302E+03  -0.339402E+02   0.504317E+01   0.428911E-02
   0.248387E+04   0.128111E+03   0.262901E+02   0.377183E+01   0.331991E-02
   0.405512E+04   0.207763E+03   0.415494E+02   0.605571E+01   0.524854E-02
   0.263546E+04   0.239364E+03  -0.518057E+02   0.121810E+02   0.665231E-02
   0.281406E+04   0.246833E+03  -0.310873E+02   0.817787E+01   0.401812E-02
   0.273466E+04   0.276821E+03   0.548691E+02   0.272495E+01   0.686709E-02
   0.296299E+04   0.307694E+03   0.283560E+02   0.705294E+01   0.365250E-02
   0.358504E+04   0.291866E+03   0.602469E+01   0.236342E+02   0.304875E-02
   0.379440E+04   0.322426E+03   0.177757E+02   0.174550E+02   0.311412E-02
   0.234043E+04   0.370912E+03  -0.243517E+02   0.106864E+02   0.332417E-02
   0.248534E+04   0.351807E+03  -0.301094E+02   0.229445E+02   0.473192E-02
   0.235147E+04   0.398577E+03  -0.544063E+02   0.130539E+02   0.699380E-02
   0.347049E+04   0.447842E+03  -0.189822E+02   0.149814E+02   0.302274E-02
   0.227607E+04   0.521245E+03   0.224685E+02   0.148254E+02   0.336486E-02
   0.231026E+04   0.568270E+03   0.213497E+02   0.344229E+01   0.270318E-02
   0.332984E+04   0.575343E+03   0.259520E+02   0.819103E+01   0.340175E-02
   0.239434E+04   0.724826E+03  -0.491957E+02   0.556731E+01   0.618871E-02
   0.243180E+04   0.720454E+03  -0.566175E+02   0.134306E+02   0.727359E-02
   0.314732E+04   0.774296E+03   0.231930E+02   0.128785E+02   0.331609E-02
   0.309132E+04   0.803209E+03   0.880442E+01   0.106678E+02   0.172898E-02
   0.311632E+04   0.807601E+03   0.183875E+02   0.116165E+02   0.271869E-02
   0.403353E+04   0.897201E+03   0.331576E+02   0.288281E+02   0.549216E-02
   0.290791E+04   0.898678E+03  -0.510801E+02   0.118034E+02   0.655327E-02
   0.227582E+04   0.931088E+03  -0.593691E+02   0.461871E+01   0.744356E-02
   0.300464E+04   0.928902E+03   0.690106E+02   0.337603E+01   0.863664E-02
   0.342362E+04   0.946105E+03   0.716905E+02   0.103593E+02   0.905438E-02
   0.405951E+04   0.983255E+03   0.216362E+02   0.385916E+01   0.274721E-02
   0.307693E+04   0.100270E+04  -0.357614E+02   0.961184E+01   0.462882E-02
   0.296447E+04   0.102443E+04   0.200370E+02   0.596664E+00   0.250574E-02
   0.390513E+04   0.116092E+04   0.641062E+02   0.189282E+01   0.801677E-02
   0.244965E+04   0.123673E+04  -0.330177E+02   0.715765E+00   0.412818E-02
   0.378225E+04   0.126116E+04  -0.401415E+02   0.354810E+00   0.501788E-02
   0.318757E+04   0.126828E+04   0.675551E+02   0.123485E+02   0.858430E-02
   0.327855E+04   0.131012E+04  -0.266877E+02   0.469543E+01   0.338720E-02
   0.224372E+04   0.128029E+04  -0.409945E+02   0.145682E+02   0.543826E-02
   0.236380E+04   0.130164E+04  -0.467982E+02   0.583892E+01   0.589513E-02
   0.247227E+04   0.132854E+04   0.584701E+02   0.142178E+02   0.752174E-02
   0.395981E+04   0.145797E+04   0.431902E+02   0.144602E+02   0.569332E-02
   0.325257E+04   0.148323E+04  -0.526433E+02   0.141631E+02   0.681440E-02
   0.370519E+04   0.155724E+04   0.368168E+02   0.788825E+01   0.470655E-02
   0.247398E+04   0.157713E+04  -0.378870E+02   0.663298E+00   0.473660E-02
   0.227496E+04   0.160503E+04  -0.410069E+02   0.545277E+01   0.517099E-02
   0.377723E+04   0.165287E+04   0.653299E+02   0.168815E+02   0.843447E-02
   0.331555E+04   0.166989E+04  -0.110973E+02   0.940124E+01   0.181802E-02
   0.332428E+04   0.170838E+04  -0.383380E+02   0.446518E+01   0.482464E-02
   0.407739E+04   0.177994E+04  -0.853695E+01   0.103572E+02   0.167776E-02
   0.334651E+04   0.180876E+04   0.148317E+02   0.111617E+02   0.232030E-02
   0.257822E+04   0.194645E+04   0.109972E+02   0.289939E+02   0.387618E-02
   0.227785E+04   0.200582E+04   0.103941E+02   0.147998E+01   0.131237E-02
   0.309845E+04   0.207247E+04  -0.197230E+02   0.746445E+01   0.263603E-02
   0.236812E+04   0.210088E+04  -0.229781E+02   0.494936E+01   0.293814E-02
   0.384681E+04   0.217020E+04  -0.672012E+01   0.133663E+02   0.187007E-02
   0.378673E+04   0.218988E+04   0.167171E+02   0.133075E+02   0.267088E-02
   0.367905E+04   0.225567E+04   0.285216E+02   0.684002E-01   0.356521E-02
   0.324996E+04   0.236594E+04  -0.247924E+01   0.544000E+01   0.747289E-03
   0.403502E+04   0.236760E+04  -0.170115E+02   0.765502E+01   0.233181E-02
   0.371008E+04   0.236978E+04   0.128732E+02   0.234074E+02   0.333922E-02
   0.350203E+04   0.236784E+04  -0.492169E+02   0.393006E+02   0.787286E-02
   0.227225E+04   0.239702E+04   0.155685E+02   0.112657E+02   0.240213E-02
   0.340290E+04   0.244367E+04  -0.431196E+01   0.613198E+01   0.937035E-03
   0.220605E+04   0.246342E+04   0.177632E+02   0.113041E+02   0.263188E-02
   0.250623E+04   0.250343E+04   0.424263E+02   0.194066E+02   0.583177E-02
   0.361767E+04   0.255970E+04   0.269038E+02   0.273198E+01   0.338027E-02
   0.359990E+04   0.255557E+04   0.983703E+01   0.237384E+01   0.126493E-02
   0.386370E+04   0.255255E+04  -0.143135E+02   0.663977E+02   0.849037E-02
   0.394000E+04   0.259060E+04  -0.122377E+02   0.112831E+02   0.208067E-02
   0.283221E+04   0.262560E+04   0.145343E+02   0.132831E+01   0.182435E-02
   0.362726E+04   0.269592E+04  -0.292777E+02   0.280892E+02   0.507165E-02
   0.341857E+04   0.268639E+04  -0.495741E+02   0.543628E+02   0.919656E-02
   0.326705E+04   0.272001E+04  -0.263645E+02   0.272012E+00   0.329574E-02
   0.347863E+04   0.274741E+04   0.627809E+02   0.227045E+02   0.834503E-02
   0.298772E+04   0.278369E+04  -0.178296E+02   0.527198E+01   0.232409E-02
   0.256533E+04   0.282173E+04   0.851931E+01   0.106620E+02   0.170595E-02
   0.370402E+04   0.296527E+04   0.620648E+02   0.162501E+02   0.801961E-02
   0.334120E+04   0.300111E+04   0.118193E+02   0.712434E+01   0.172506E-02
   0.371764E+04   0.300365E+04   0.265475E+02   0.207834E+02   0.421440E-02
   0.356288E+04   0.302627E+04   0.825854E+01   0.400144E+02   0.510721E-02
   0.330973E+04   0.304264E+04   0.760723E+01   0.192735E+02   0.259006E-02
   0.304866E+04   0.307077E+04   0.740143E+02   0.242811E+01   0.925677E-02
   0.401726E+04   0.310658E+04   0.235914E+02   0.280097E+02   0.457763E-02
   0.324010E+04   0.310300E+04   0.308094E+02   0.568069E+01   0.391609E-02
   0.358569E+04   0.310371E+04   0.416283E+01   0.105225E+02   0.141450E-02
   0.386007E+04   0.321952E+04   0.905397E+01   0.378858E+02   0.486908E-02
   0.354620E+04   0.322790E+04   0.150054E+02   0.165004E+02   0.278789E-02
   0.305801E+04   0.365594E+04   0.144790E+02   0.102579E+02   0.221807E-02
   0.282983E+04   0.376992E+04   0.262770E+02   0.266809E+02   0.468100E-02
   0.223135E+04   0.385490E+04   0.102386E+02   0.838079E+01   0.165391E-02
   0.230342E+04   0.370934E+04  -0.884506E+01   0.651266E+01   0.137301E-02
   0.391674E+04   0.387377E+04   0.107676E+02   0.867239E+01   0.172822E-02
   0.357301E+04   0.372821E+04   0.134294E+02   0.123904E+02   0.228401E-02
   0.284552E+04   0.374192E+04   0.994437E+01   0.937590E+01   0.170843E-02
   0.345442E+04   0.371378E+04   0.203801E+02   0.303759E+01   0.257566E-02
   0.272814E+04   0.366735E+04   0.166936E+02   0.409538E+01   0.214857E-02
   0.257453E+04   0.362367E+04  -0.511105E+01   0.626844E+01   0.101100E-02
   0.391794E+04   0.360181E+04   0.170363E+02   0.314255E+02   0.446829E-02
   0.393079E+04   0.353321E+04   0.643706E+02   0.594905E+02   0.109564E-01
   0.367435E+04   0.351656E+04   0.104213E+01   0.355095E+01   0.462589E-03
   0.249348E+04   0.347575E+04  -0.824527E+02   0.248335E+02   0.107639E-01
   0.373143E+04   0.336907E+04   0.423544E+01   0.327615E+02   0.412926E-02
   0.354001E+04   0.338429E+04   0.792920E+01   0.179049E+02   0.244776E-02
   0.294795E+04   0.329246E+04  -0.455827E+02   0.954502E+01   0.582142E-02
   0.322126E+04   0.356705E+04   0.876595E+01   0.102951E+02   0.169019E-02
   0.411142E+04   0.330749E+04  -0.281239E+02   0.251648E+00   0.351562E-02
   0.373504E+04   0.352521E+04   0.313148E+02   0.172749E+02   0.447046E-02
   0.274216E+04   0.321327E+04  -0.213415E+02   0.412538E+01   0.271707E-02
   0.279397E+04   0.331452E+04   0.125027E+02   0.976162E+00   0.156760E-02
   0.371374E+04   0.325058E+04   0.838660E+01   0.159546E+02   0.225307E-02
   0.269007E+04   0.320890E+04  -0.270074E+02   0.114780E+02   0.366816E-02
   0.322292E+04   0.315594E+04  -0.298814E+02   0.596883E+01   0.380896E-02
   0.293101E+04   0.401156E+04   0.188106E+02   0.296077E+01   0.238027E-02
   0.347076E+04   0.402292E+04   0.212780E+02   0.238618E+02   0.399636E-02
   0.365677E+04   0.396790E+04   0.380272E+02   0.131619E+02   0.503008E-02
   0.621373E+04   0.352765E+02   0.856108E+01   0.270205E+02   0.354304E-02
   0.570767E+04   0.696458E+02   0.372511E+02   0.234530E+02   0.550240E-02
   0.564164E+04   0.211076E+03   0.710270E+01   0.157637E+02   0.216125E-02
   0.582186E+04   0.285205E+03   0.101690E+02   0.197012E+02   0.277135E-02
   0.614958E+04   0.246016E+03   0.509256E+00   0.590514E+02   0.738170E-02
   0.499051E+04   0.284209E+03   0.538907E+01   0.355748E+02   0.449759E-02
   0.448091E+04   0.338745E+03  -0.742942E+01   0.611484E+01   0.120278E-02
   0.541805E+04   0.317950E+03   0.312762E+01   0.267608E+02   0.336787E-02
   0.590715E+04   0.352226E+03   0.484394E+01   0.195034E+02   0.251200E-02
   0.486589E+04   0.384436E+03  -0.389569E+01   0.285690E+01   0.603871E-03
   0.463946E+04   0.411509E+03   0.150142E+02   0.161497E+02   0.275636E-02
   0.472219E+04   0.418321E+03   0.141751E+02   0.115342E+02   0.228436E-02
   0.536678E+04   0.492172E+03  -0.988373E+00   0.127148E+02   0.159415E-02
   0.469715E+04   0.475390E+03   0.444802E+01   0.914059E+01   0.127067E-02
   0.503745E+04   0.707846E+03   0.176030E+02   0.112763E+02   0.261313E-02
   0.528461E+04   0.779366E+03   0.233343E+02   0.306324E+02   0.481345E-02
   0.502406E+04   0.862219E+03   0.254290E+01   0.254683E+02   0.319936E-02
   0.488162E+04   0.892292E+03  -0.275401E+01   0.216721E+02   0.273079E-02
   0.519984E+04   0.878891E+03   0.241039E+02   0.496447E+02   0.689836E-02
   0.563371E+04   0.887058E+03   0.376939E+02   0.663470E+02   0.953837E-02
   0.571611E+04   0.914539E+03   0.315507E+02   0.633761E+02   0.884942E-02
   0.611407E+04   0.921833E+03   0.283804E+02   0.346943E+02   0.560292E-02
   0.455019E+04   0.100902E+04   0.558379E+01   0.245931E+02   0.315238E-02
   0.598994E+04   0.984204E+03   0.299085E+02   0.470329E+02   0.696713E-02
   0.445834E+04   0.105322E+04   0.689929E+01   0.557786E+01   0.110900E-02
   0.598746E+04   0.108937E+04   0.172624E+02   0.272259E+02   0.402965E-02
   0.516403E+04   0.108985E+04   0.177696E+02   0.178476E+02   0.314815E-02
   0.525460E+04   0.111534E+04   0.197353E+02   0.178685E+02   0.332783E-02
   0.512665E+04   0.112465E+04   0.116388E+02   0.159372E+02   0.246683E-02
   0.607798E+04   0.114586E+04   0.151130E+02   0.283843E+02   0.401962E-02
   0.618449E+04   0.123192E+04   0.321636E+01   0.180896E+02   0.229666E-02
   0.533382E+04   0.130310E+04   0.102766E+02   0.157078E+02   0.234635E-02
   0.526041E+04   0.131685E+04   0.337476E+02   0.277760E+02   0.546352E-02
   0.477478E+04   0.133216E+04   0.489863E+01   0.891645E+01   0.127169E-02
   0.546239E+04   0.133095E+04   0.165934E+02   0.279546E+02   0.406356E-02
   0.557866E+04   0.135752E+04   0.298973E+02   0.325680E+02   0.552625E-02
   0.539968E+04   0.138691E+04   0.180998E+02   0.297243E+02   0.435017E-02
   0.523929E+04   0.144648E+04   0.211817E+02   0.458284E+01   0.270898E-02
   0.591837E+04   0.155775E+04   0.334752E+02   0.194637E+02   0.484030E-02
   0.578327E+04   0.153076E+04   0.259250E+02   0.245499E+02   0.446305E-02
   0.465163E+04   0.153178E+04   0.174562E+02   0.343101E+02   0.481194E-02
   0.455072E+04   0.154117E+04  -0.191151E+02   0.839235E+01   0.260954E-02
   0.472765E+04   0.160594E+04   0.572046E+01   0.724235E+01   0.115363E-02
   0.461777E+04   0.160926E+04   0.134173E+02   0.108288E+02   0.215525E-02
   0.562878E+04   0.161093E+04   0.705413E+01   0.145379E+02   0.201987E-02
   0.436603E+04   0.162556E+04   0.298167E+02   0.274280E+02   0.506417E-02
   0.586890E+04   0.168077E+04   0.292849E+02   0.569951E+02   0.800981E-02
   0.555612E+04   0.171511E+04   0.329998E+02   0.274607E+02   0.536638E-02
   0.541923E+04   0.175647E+04   0.288308E+02   0.363866E+02   0.580302E-02
   0.442887E+04   0.174982E+04   0.301372E+02   0.432141E+02   0.658562E-02
   0.495989E+04   0.184774E+04   0.254164E+02   0.299542E+02   0.491053E-02
   0.557604E+04   0.185746E+04   0.504534E+02   0.125984E+02   0.650032E-02
   0.470095E+04   0.186830E+04   0.162774E+02   0.185814E+02   0.308783E-02
   0.537498E+04   0.191340E+04   0.248064E+02   0.148881E+02   0.361639E-02
   0.532270E+04   0.194328E+04   0.291034E+02   0.249856E+02   0.479467E-02
   0.462610E+04   0.201498E+04   0.151718E+02   0.320411E+02   0.443144E-02
   0.500614E+04   0.204428E+04   0.113399E+02   0.147185E+02   0.232253E-02
   0.446823E+04   0.207490E+04   0.235368E+02   0.207046E+02   0.391843E-02
   0.589359E+04   0.204782E+04   0.298321E+02   0.686161E+02   0.935257E-02
   0.445927E+04   0.210676E+04   0.220312E+02   0.409813E+02   0.581599E-02
   0.482702E+04   0.211212E+04   0.916259E+01   0.176944E+02   0.249074E-02
   0.480073E+04   0.216818E+04   0.111063E+02   0.922084E+01   0.180439E-02
   0.560465E+04   0.218569E+04   0.576715E+02   0.863882E+02   0.129837E-01
   0.622017E+04   0.226170E+04   0.321490E+02   0.528551E+02   0.773307E-02
   0.598981E+04   0.231733E+04   0.364836E+02   0.621602E+02   0.900950E-02
   0.586534E+04   0.231953E+04   0.373988E+02   0.623664E+02   0.909004E-02
   0.578053E+04   0.235108E+04   0.354148E+02   0.702033E+02   0.982878E-02
   0.513717E+04   0.237249E+04   0.219613E+02   0.401442E+02   0.571983E-02
   0.461817E+04   0.250229E+04   0.844759E+01   0.182745E+02   0.251656E-02
   0.619926E+04   0.249640E+04   0.257294E+02   0.420787E+02   0.616520E-02
   0.439821E+04   0.255142E+04   0.178035E+02   0.142407E+02   0.284979E-02
   0.543429E+04   0.254455E+04   0.168152E+02   0.570350E+02   0.743277E-02
   0.592352E+04   0.267543E+04   0.376262E+02   0.382517E+02   0.670695E-02
   0.585797E+04   0.266743E+04   0.491384E+02   0.370549E+02   0.769298E-02
   0.555666E+04   0.268158E+04   0.216032E+02   0.178191E+02   0.350049E-02
   0.591479E+04   0.272403E+04   0.128202E+02   0.105814E+02   0.207788E-02
   0.451790E+04   0.274890E+04   0.111492E+02   0.140182E+02   0.223891E-02
   0.433261E+04   0.277101E+04   0.150095E+02   0.187115E+02   0.299845E-02
   0.507000E+04   0.285678E+04   0.136393E+02   0.104416E+02   0.214716E-02
   0.583730E+04   0.290012E+04   0.141974E+02   0.207991E+02   0.314784E-02
   0.577304E+04   0.291185E+04   0.103816E+02   0.199610E+02   0.281241E-02
   0.457521E+04   0.292868E+04   0.918011E+01   0.176375E+02   0.248544E-02
   0.454476E+04   0.293549E+04   0.566517E+01   0.100736E+00   0.708258E-03
   0.494442E+04   0.298749E+04   0.172599E+02   0.170527E+02   0.303289E-02
   0.600305E+04   0.299617E+04   0.238304E+02   0.332593E+02   0.511442E-02
   0.477435E+04   0.307823E+04   0.226082E+02   0.432336E+02   0.609850E-02
   0.577335E+04   0.311509E+04   0.123122E+02   0.141348E+02   0.234315E-02
   0.484496E+04   0.383119E+04  -0.123989E+02   0.298983E+01   0.159428E-02
   0.627872E+04   0.314362E+04   0.285042E+02   0.271631E+02   0.492177E-02
   0.460277E+04   0.379796E+04  -0.141652E+02   0.694042E+01   0.197176E-02
   0.492127E+04   0.378864E+04  -0.236448E+02   0.228735E+01   0.296940E-02
   0.619749E+04   0.371085E+04   0.163317E+02   0.802365E+01   0.227453E-02
   0.626066E+04   0.311279E+04   0.279464E+02   0.555419E+02   0.777205E-02
   0.536349E+04   0.364661E+04   0.134282E+02   0.874994E+01   0.200342E-02
   0.502645E+04   0.341845E+04  -0.821649E+01   0.134430E+02   0.196940E-02
   0.556232E+04   0.355285E+04   0.146865E+02   0.965153E+01   0.219675E-02
   0.577245E+04   0.347264E+04   0.156736E+02   0.168131E+02   0.287322E-02
   0.452543E+04   0.350050E+04   0.124879E+02   0.706171E+01   0.179328E-02
   0.557310E+04   0.329418E+04  -0.251281E+02   0.368250E+01   0.317456E-02
   0.520527E+04   0.323256E+04   0.141868E+02   0.100931E+02   0.217635E-02
   0.559230E+04   0.362691E+04   0.919035E+01   0.174940E+02   0.247015E-02
   0.569133E+04   0.320789E+04  -0.264663E+02   0.238906E+02   0.445679E-02
   0.460739E+04   0.387077E+04  -0.307597E+02   0.118694E+02   0.412129E-02
   0.568250E+04   0.323609E+04   0.290212E+02   0.198963E+02   0.439832E-02
   0.460850E+04   0.402062E+04  -0.339171E+02   0.438845E+02   0.693296E-02
   0.476551E+04   0.395302E+04  -0.505782E+01   0.234491E+02   0.299854E-02
   0.515164E+04   0.399162E+04   0.267273E+02   0.749873E+01   0.346992E-02
   0.465104E+04   0.320943E+04   0.207766E+02   0.918121E+01   0.283935E-02
   0.609075E+04   0.394232E+04   0.191145E+02   0.343596E+01   0.242761E-02
   0.459058E+04   0.318719E+04   0.425414E+01   0.150610E+02   0.195629E-02
   0.584382E+04   0.403199E+04  -0.925522E+01   0.197877E+01   0.118305E-02
   0.457512E+04   0.390314E+04  -0.126316E+02   0.194504E+02   0.289902E-02
   0.825191E+04   0.448458E+02   0.240544E+02   0.133914E+02   0.344134E-02
   0.762866E+04   0.666626E+02   0.313343E+02   0.213837E+02   0.474193E-02
   0.806379E+04   0.129862E+03  -0.311125E+01   0.780319E+01   0.105007E-02
   0.675618E+04   0.103818E+03   0.446435E+01   0.772813E+02   0.967627E-02
   0.702956E+04   0.143221E+03  -0.117127E+02   0.198645E+02   0.288256E-02
   0.700961E+04   0.175292E+03  -0.104822E+02   0.607870E+01   0.151466E-02
   0.757957E+04   0.170340E+03   0.278528E+02   0.307242E+02   0.518374E-02
   0.809756E+04   0.224211E+03   0.653495E+01   0.181771E+02   0.241452E-02
   0.690662E+04   0.211665E+03   0.750502E+02   0.493235E+02   0.112259E-01
   0.651119E+04   0.274884E+03  -0.915166E+01   0.919013E+01   0.162120E-02
   0.785500E+04   0.270950E+03  -0.122165E+02   0.112382E+02   0.207493E-02
   0.792949E+04   0.336325E+03   0.263531E+02   0.245265E+02   0.450007E-02
   0.838460E+04   0.347097E+03   0.651099E+01   0.604284E+01   0.111038E-02
   0.706149E+04   0.365707E+03   0.408324E+02   0.314546E+02   0.644288E-02
   0.823620E+04   0.373332E+03   0.179804E+02   0.471256E+02   0.630490E-02
   0.740393E+04   0.411926E+03  -0.118638E+02   0.126646E+02   0.216918E-02
   0.807944E+04   0.422298E+03   0.297979E+02   0.285622E+02   0.515950E-02
   0.782698E+04   0.418017E+03  -0.699014E+01   0.385459E+02   0.489682E-02
   0.824954E+04   0.573293E+03   0.282736E+02   0.390490E+02   0.602628E-02
   0.795782E+04   0.509795E+03   0.438843E+02   0.612646E+02   0.942004E-02
   0.766935E+04   0.590891E+03  -0.164318E+02   0.172353E+02   0.297662E-02
   0.650825E+04   0.718455E+03   0.409488E+02   0.899197E+01   0.524055E-02
   0.656429E+04   0.711286E+03   0.234306E+02   0.198621E+02   0.383954E-02
   0.697157E+04   0.707457E+03   0.260717E+02   0.176259E+02   0.393384E-02
   0.817920E+04   0.748050E+03   0.188228E+02   0.357626E+02   0.505170E-02
   0.706542E+04   0.873945E+03   0.297151E+02   0.120625E+02   0.400877E-02
   0.796064E+04   0.874927E+03   0.159457E+02   0.258490E+02   0.379646E-02
   0.655486E+04   0.956396E+03   0.230046E+02   0.499911E+01   0.294269E-02
   0.695572E+04   0.973200E+03   0.409296E+02   0.431031E+02   0.742999E-02
   0.663448E+04   0.103563E+04   0.217160E+02   0.162875E+02   0.339316E-02
   0.659345E+04   0.101986E+04   0.293623E+02   0.621331E+02   0.859021E-02
   0.657681E+04   0.104873E+04  -0.902757E+01   0.498846E+01   0.128927E-02
   0.687080E+04   0.105999E+04   0.258135E+02   0.241035E+02   0.441467E-02
   0.798550E+04   0.105866E+04   0.258666E+02   0.292655E+02   0.488228E-02
   0.671741E+04   0.106694E+04   0.467106E+02   0.219224E+02   0.644989E-02
   0.660557E+04   0.106496E+04   0.688291E+02   0.261312E+02   0.920282E-02
   0.795674E+04   0.106127E+04   0.164596E+02   0.484911E+02   0.640105E-02
   0.753138E+04   0.110272E+04   0.145065E+02   0.585567E+01   0.195547E-02
   0.689895E+04   0.112388E+04   0.306402E+02   0.453271E+02   0.683895E-02
   0.815054E+04   0.127171E+04  -0.894382E+01   0.716473E+01   0.143247E-02
   0.658986E+04   0.132197E+04   0.366005E+02   0.665700E+02   0.949602E-02
   0.811651E+04   0.132002E+04   0.460666E+02   0.615941E+02   0.961442E-02
   0.777489E+04   0.138633E+04   0.173662E+02   0.440886E+02   0.592319E-02
   0.801208E+04   0.145974E+04   0.340726E+02   0.272020E+02   0.544991E-02
   0.824725E+04   0.156553E+04   0.377943E+02   0.506669E+02   0.790129E-02
   0.648213E+04   0.163752E+04   0.171436E+02   0.198948E+02   0.328278E-02
   0.670513E+04   0.163943E+04   0.386005E+02   0.518913E+02   0.808423E-02
   0.838158E+04   0.166210E+04   0.352908E+02   0.407090E+02   0.673455E-02
   0.734756E+04   0.167764E+04   0.332020E+02   0.496510E+02   0.746617E-02
   0.794408E+04   0.167380E+04   0.300184E+02   0.717266E+02   0.971935E-02
   0.679458E+04   0.168625E+04   0.402246E+02   0.748984E+02   0.106270E-01
   0.841844E+04   0.182108E+04   0.351753E+02   0.508472E+02   0.772853E-02
   0.772907E+04   0.188025E+04   0.345812E+02   0.453940E+02   0.713319E-02
   0.762611E+04   0.193172E+04   0.360106E+02   0.588944E+02   0.862890E-02
   0.777886E+04   0.196625E+04   0.171226E+02   0.372763E+02   0.512761E-02
   0.760897E+04   0.197159E+04   0.462080E+02   0.343015E+02   0.719351E-02
   0.787837E+04   0.208096E+04   0.200228E+02   0.308828E+02   0.460071E-02
   0.647072E+04   0.212644E+04   0.358975E+02   0.456203E+02   0.725629E-02
   0.748308E+04   0.211565E+04   0.341621E+02   0.606524E+02   0.870144E-02
   0.743762E+04   0.216621E+04   0.127191E+02   0.927627E+02   0.117038E-01
   0.820008E+04   0.223538E+04   0.349782E+02   0.558081E+02   0.823295E-02
   0.681378E+04   0.225795E+04   0.419332E+02   0.414258E+02   0.736811E-02
   0.727061E+04   0.227583E+04   0.235708E+02   0.336327E+02   0.513374E-02
   0.712786E+04   0.232777E+04   0.210564E+02   0.443208E+02   0.613355E-02
   0.740741E+04   0.243786E+04   0.211298E+02   0.381138E+02   0.544737E-02
   0.650838E+04   0.244157E+04   0.309241E+02   0.282937E+02   0.523932E-02
   0.684409E+04   0.252913E+04   0.309373E+02   0.420721E+02   0.652780E-02
   0.783350E+04   0.253490E+04   0.397328E+02   0.707225E+02   0.101399E-01
   0.788393E+04   0.258685E+04   0.269242E+02   0.563280E+02   0.780400E-02
   0.713044E+04   0.259457E+04   0.370954E+02   0.346537E+02   0.634546E-02
   0.703536E+04   0.261848E+04   0.376701E+02   0.484813E+02   0.767450E-02
   0.678113E+04   0.260274E+04   0.638674E+02   0.578350E+02   0.107703E-01
   0.695899E+04   0.264647E+04   0.391241E+02   0.502715E+02   0.796272E-02
   0.761754E+04   0.266138E+04   0.288140E+02   0.529229E+02   0.753231E-02
   0.692773E+04   0.265436E+04   0.625977E+02   0.762851E+02   0.123351E-01
   0.774746E+04   0.273699E+04   0.232026E+02   0.466650E+02   0.651439E-02
   0.656433E+04   0.276492E+04   0.175758E+02   0.628206E+02   0.815412E-02
   0.828299E+04   0.281499E+04   0.291582E+02   0.625313E+02   0.862442E-02
   0.768913E+04   0.287351E+04   0.211646E+02   0.361975E+02   0.524136E-02
   0.666816E+04   0.285834E+04   0.412814E+02   0.669676E+02   0.983363E-02
   0.812583E+04   0.289482E+04   0.250166E+02   0.472940E+02   0.668785E-02
   0.821227E+04   0.291664E+04   0.171049E+02   0.418797E+02   0.565477E-02
   0.719112E+04   0.293328E+04   0.194365E+02   0.197316E+02   0.346210E-02
   0.822952E+04   0.349942E+04   0.217700E+02   0.647339E+02   0.853706E-02
   0.688886E+04   0.351858E+04   0.267418E+02   0.257517E+02   0.464064E-02
   0.776761E+04   0.344873E+04  -0.228666E+01   0.336556E+02   0.421665E-02
   0.692858E+04   0.379359E+04   0.458937E+02   0.506008E+02   0.853913E-02
   0.699928E+04   0.368431E+04  -0.359727E+00   0.523482E+01   0.655895E-03
   0.689729E+04   0.364508E+04   0.771314E+00   0.184305E+02   0.230583E-02
   0.814285E+04   0.361305E+04   0.118385E+02   0.455806E+02   0.588661E-02
   0.776063E+04   0.352630E+04  -0.199231E+02   0.251777E+02   0.401335E-02
   0.811565E+04   0.319498E+04   0.193491E+02   0.333810E+02   0.482292E-02
   0.842404E+04   0.346983E+04   0.279741E+02   0.689157E+02   0.929712E-02
   0.747242E+04   0.344213E+04   0.134820E+02   0.247524E+02   0.352324E-02
   0.651484E+04   0.337230E+04  -0.940744E+01   0.836456E+01   0.157354E-02
   0.654996E+04   0.388672E+04  -0.104600E+02   0.546186E+01   0.147502E-02
   0.736598E+04   0.332580E+04   0.565119E+01   0.181631E+02   0.237774E-02
   0.834362E+04   0.331700E+04   0.918187E+01   0.381159E+02   0.490078E-02
   0.767454E+04   0.331655E+04   0.531366E+01   0.210578E+02   0.271473E-02
   0.839936E+04   0.327912E+04   0.117550E+02   0.387883E+02   0.506630E-02
   0.710828E+04   0.326093E+04   0.139002E+02   0.360324E+02   0.482758E-02
   0.650679E+04   0.325092E+04   0.249267E+02   0.411622E+02   0.601518E-02
   0.814510E+04   0.320859E+04   0.138967E+02   0.467327E+02   0.609439E-02
   0.729218E+04   0.314016E+04   0.807552E+01   0.389791E+02   0.497585E-02
   0.738824E+04   0.402412E+04  -0.247539E+02   0.705682E+01   0.321752E-02
   0.149187E+04   0.424059E+04  -0.127240E+03   0.184213E+02   0.160708E-01
   0.903845E+03   0.427875E+04   0.290735E+02   0.815120E+00   0.363561E-02
   0.112481E+04   0.429069E+04  -0.329556E+02   0.388650E+01   0.414800E-02
   0.132477E+04   0.432556E+04   0.380101E+01   0.133137E+01   0.503429E-03
   0.131833E+04   0.437445E+04   0.287056E+02   0.218171E+01   0.359855E-02
   0.106508E+04   0.440491E+04   0.182191E+02   0.557180E+00   0.227846E-02
   0.145566E+03   0.440307E+04  -0.167674E+02   0.122274E+02   0.259403E-02
   0.179434E+04   0.449164E+04   0.395962E+02   0.609375E+01   0.500779E-02
   0.737989E+03   0.451368E+04  -0.156769E+02   0.751220E+01   0.217298E-02
   0.154818E+04   0.452209E+04   0.341163E+02   0.132218E+02   0.457359E-02
   0.101128E+04   0.453611E+04  -0.639647E+01   0.153867E+01   0.822366E-03
   0.521551E+03   0.457485E+04  -0.231598E+02   0.272804E+02   0.447318E-02
   0.889077E+03   0.456903E+04  -0.735483E+01   0.174891E+02   0.237158E-02
   0.134051E+04   0.458952E+04  -0.821627E+02   0.469607E+02   0.118295E-01
   0.221027E+03   0.463398E+04  -0.379882E+02   0.107872E+02   0.493626E-02
   0.135134E+04   0.467368E+04   0.104722E+02   0.294685E+01   0.135986E-02
   0.117017E+04   0.467308E+04  -0.112879E+02   0.150967E+02   0.235627E-02
   0.803976E+03   0.473278E+04  -0.158440E+02   0.286768E+02   0.409533E-02
   0.140179E+04   0.474883E+04   0.126711E+02   0.912436E+00   0.158798E-02
   0.168990E+04   0.479613E+04   0.168993E+02   0.246251E+02   0.373326E-02
   0.184924E+04   0.481930E+04   0.269918E+02   0.114259E+02   0.366382E-02
   0.107188E+04   0.485301E+04   0.555950E+01   0.159428E+02   0.211054E-02
   0.399544E+03   0.489818E+04  -0.802409E+01   0.129475E+02   0.190404E-02
   0.740890E+03   0.497472E+04  -0.127636E+02   0.324263E+00   0.159596E-02
   0.392175E+03   0.495201E+04   0.762951E+01   0.415477E+02   0.528030E-02
   0.121176E+04   0.497657E+04  -0.213248E+02   0.130092E+02   0.312246E-02
   0.133516E+03   0.500389E+04  -0.937140E+01   0.275737E+01   0.122108E-02
   0.794326E+03   0.505293E+04  -0.730047E+01   0.120384E+02   0.175988E-02
   0.604403E+03   0.505552E+04  -0.433237E+02   0.257235E+02   0.629812E-02
   0.639016E+03   0.506161E+04  -0.224206E+02   0.144751E+02   0.333592E-02
   0.116715E+04   0.507271E+04  -0.310108E+02   0.732072E+01   0.398289E-02
   0.655572E+03   0.517114E+04   0.118817E+02   0.213412E+02   0.305324E-02
   0.137556E+03   0.530408E+04  -0.264292E+02   0.156976E+01   0.330947E-02
   0.846978E+03   0.539409E+04  -0.194681E+01   0.150126E+02   0.189229E-02
   0.138244E+04   0.539232E+04   0.118593E+02   0.347783E+02   0.459309E-02
   0.171042E+04   0.548909E+04   0.960330E+00   0.877089E+00   0.162573E-03
   0.905573E+03   0.550612E+04   0.424783E+01   0.158843E+01   0.566888E-03
   0.149334E+04   0.557315E+04   0.101103E+02   0.338321E+02   0.441380E-02
   0.738637E+03   0.566716E+04   0.387857E+01   0.160490E+02   0.206388E-02
   0.440847E+03   0.582849E+04  -0.190443E+02   0.196060E+02   0.341660E-02
   0.122539E+04   0.585936E+04  -0.138054E+02   0.924505E+00   0.172954E-02
   0.161308E+03   0.594252E+04  -0.168437E+02   0.305203E+02   0.435747E-02
   0.152507E+04   0.595888E+04  -0.201664E+02   0.491062E+01   0.259445E-02
   0.111100E+04   0.598161E+04  -0.111621E+02   0.156050E+02   0.239826E-02
   0.161766E+04   0.601271E+04   0.227033E+02   0.111520E+02   0.316180E-02
   0.442582E+03   0.601875E+04  -0.348017E-01   0.381960E+02   0.477451E-02
   0.994781E+03   0.604012E+04  -0.909957E+01   0.143661E+02   0.212569E-02
   0.966535E+03   0.606905E+04  -0.626641E+00   0.175176E+02   0.219110E-02
   0.570876E+03   0.607231E+04   0.403796E+01   0.356011E+02   0.447867E-02
   0.164321E+03   0.609708E+04  -0.123993E+02   0.169882E+02   0.262900E-02
   0.553487E+03   0.611426E+04  -0.145489E+02   0.247643E+02   0.359022E-02
   0.138603E+04   0.612059E+04   0.609432E+01   0.333205E+01   0.868217E-03
   0.819741E+03   0.612112E+04  -0.712254E+01   0.174194E+02   0.235242E-02
   0.100448E+04   0.615098E+04   0.581952E+01   0.152970E+02   0.204582E-02
   0.113957E+04   0.616790E+04  -0.222411E+02   0.213772E+02   0.385610E-02
   0.180013E+04   0.617691E+04   0.127873E+02   0.684042E+01   0.181274E-02
   0.142056E+04   0.619200E+04  -0.460320E+02   0.823812E+01   0.584542E-02
   0.162118E+04   0.623529E+04   0.227088E+02   0.185500E+01   0.284806E-02
   0.178881E+04   0.634086E+04   0.123266E+02   0.111951E+02   0.208145E-02
   0.148162E+04   0.637688E+04   0.994849E+01   0.910309E+01   0.168560E-02
   0.144946E+04   0.639312E+04   0.408633E+01   0.799746E+01   0.112262E-02
   0.696683E+02   0.638242E+04  -0.424312E+02   0.552066E+02   0.870360E-02
   0.105536E+04   0.651195E+04  -0.764199E+01   0.231623E+02   0.304880E-02
   0.101040E+04   0.652002E+04  -0.113604E+02   0.239158E+02   0.330961E-02
   0.182174E+04   0.656689E+04   0.111450E+02   0.108995E+02   0.194860E-02
   0.156554E+04   0.669926E+04  -0.406975E+01   0.335023E+01   0.658916E-03
   0.486072E+03   0.675647E+04  -0.239739E+02   0.415287E+02   0.599398E-02
   0.177913E+04   0.675963E+04  -0.151840E+02   0.317092E+02   0.439465E-02
   0.152968E+03   0.676627E+04  -0.566155E+02   0.654627E+02   0.108186E-01
   0.156288E+04   0.689044E+04  -0.312633E+01   0.178555E+02   0.226590E-02
   0.640366E+03   0.693475E+04  -0.204745E+02   0.374091E+02   0.533069E-02
   0.194634E+04   0.698958E+04   0.316092E+01   0.134927E+02   0.173225E-02
   0.542402E+03   0.699057E+04  -0.252470E+02   0.466369E+02   0.662903E-02
   0.473646E+03   0.703713E+04  -0.248074E+02   0.486262E+02   0.682357E-02
   0.118480E+04   0.707891E+04  -0.373015E+02   0.299528E+02   0.597988E-02
   0.236660E+03   0.708880E+04  -0.459547E+02   0.694450E+02   0.104092E-01
   0.152007E+04   0.715631E+04   0.558089E+01   0.211385E+02   0.273286E-02
   0.179904E+04   0.718041E+04   0.231486E+01   0.148405E+02   0.187749E-02
   0.826483E+03   0.723277E+04  -0.300530E+02   0.406837E+02   0.632251E-02
   0.442196E+03   0.720873E+04  -0.432853E+02   0.855291E+02   0.119823E-01
   0.156671E+04   0.728863E+04   0.478837E+00   0.378867E+02   0.473621E-02
   0.351518E+03   0.730186E+04  -0.387379E+02   0.465303E+02   0.756812E-02
   0.837465E+03   0.787178E+04  -0.345850E+02   0.896314E+02   0.120091E-01
   0.100596E+04   0.800720E+04  -0.241892E+02   0.713960E+02   0.942280E-02
   0.205327E+03   0.814800E+04  -0.536183E+02   0.111159E+03   0.154268E-01
   0.129490E+04   0.798650E+04  -0.513113E+01   0.580461E+02   0.728405E-02
   0.520591E+03   0.770408E+04  -0.293119E+02   0.468786E+02   0.691103E-02
   0.128798E+04   0.780980E+04   0.442463E+01   0.603848E+02   0.756834E-02
   0.157838E+04   0.771880E+04  -0.876304E+00   0.333449E+02   0.416956E-02
   0.785187E+03   0.761356E+04  -0.991793E+01   0.626455E+02   0.792822E-02
   0.701174E+03   0.772030E+04  -0.198556E+02   0.597883E+02   0.787488E-02
   0.586929E+03   0.767623E+04  -0.436887E+02   0.616525E+02   0.944535E-02
   0.989396E+03   0.768184E+04  -0.210748E+02   0.611657E+02   0.808682E-02
   0.730802E+03   0.760361E+04  -0.152567E+02   0.506567E+02   0.661304E-02
   0.354441E+03   0.742303E+04  -0.229793E+02   0.643039E+02   0.853581E-02
   0.695860E+03   0.811128E+04  -0.373707E+02   0.738053E+02   0.103409E-01
   0.108327E+04   0.747779E+04  -0.105504E+02   0.602040E+02   0.764018E-02
   0.555681E+03   0.746266E+04  -0.151842E+02   0.487776E+02   0.638579E-02
   0.167850E+04   0.789675E+04  -0.390863E+01   0.300613E+02   0.378929E-02
   0.189373E+04   0.799218E+04   0.394651E+01   0.511115E+02   0.640796E-02
   0.101774E+03   0.799285E+04  -0.304844E+02   0.777692E+02   0.104413E-01
   0.854559E+03   0.734936E+04  -0.910814E+01   0.207308E+02   0.283042E-02
   0.122537E+04   0.811564E+04  -0.315148E+02   0.659123E+02   0.913237E-02
   0.140534E+04   0.752503E+04  -0.160848E+02   0.464367E+02   0.614294E-02
   0.150724E+04   0.753723E+04  -0.102478E+02   0.352675E+02   0.459077E-02
   0.627652E+03   0.817461E+04  -0.513622E+02   0.884777E+02   0.127882E-01
   0.155548E+03   0.807559E+04  -0.632826E+02   0.122165E+03   0.171979E-01
   0.124887E+04   0.813344E+04  -0.247804E+02   0.100630E+03   0.129545E-01
   0.318697E+03   0.799796E+04  -0.498101E+02   0.106267E+03   0.146702E-01
   0.157082E+04   0.808244E+04  -0.320530E+02   0.609912E+02   0.861261E-02
   0.388788E+03   0.802360E+04  -0.388992E+02   0.874557E+02   0.119646E-01
   0.343504E+04   0.432790E+04  -0.325351E+02   0.666576E+01   0.415136E-02
   0.365868E+04   0.440865E+04  -0.207785E+02   0.412127E+01   0.264791E-02
   0.382778E+04   0.443507E+04  -0.420140E+02   0.175282E+02   0.569047E-02
   0.258535E+04   0.441648E+04   0.396584E+02   0.488476E+01   0.499477E-02
   0.355426E+04   0.446668E+04  -0.331956E+02   0.603374E+01   0.421744E-02
   0.302364E+04   0.447724E+04   0.384359E+02   0.727246E+01   0.488974E-02
   0.399138E+04   0.450938E+04  -0.327976E+02   0.286669E+01   0.411533E-02
   0.314328E+04   0.452502E+04   0.216820E+02   0.503377E+01   0.278234E-02
   0.399599E+04   0.463806E+04  -0.337860E+02   0.698553E+01   0.431257E-02
   0.300074E+04   0.470592E+04   0.351899E+02   0.112029E+01   0.440096E-02
   0.271848E+04   0.470290E+04  -0.657758E+02   0.409346E+01   0.823788E-02
   0.292665E+04   0.475594E+04   0.163877E+02   0.869612E-01   0.204849E-02
   0.260131E+04   0.478157E+04  -0.409251E+02   0.271962E+00   0.511575E-02
   0.402622E+04   0.483569E+04  -0.175555E+02   0.537708E+01   0.229506E-02
   0.404985E+04   0.489630E+04   0.217272E+02   0.462251E+01   0.277669E-02
   0.401298E+04   0.489646E+04   0.190071E+02   0.671475E+01   0.251978E-02
   0.342140E+04   0.491298E+04   0.180406E+02   0.886143E+01   0.251243E-02
   0.258132E+04   0.497633E+04  -0.307113E+02   0.609474E+01   0.391378E-02
   0.262170E+04   0.497150E+04   0.266651E+02   0.457701E+01   0.338189E-02
   0.286368E+04   0.507004E+04   0.378063E+02   0.549626E+01   0.477546E-02
   0.313571E+04   0.508885E+04   0.329608E+02   0.900669E+01   0.427115E-02
   0.241364E+04   0.511608E+04  -0.297419E+02   0.249498E+02   0.485263E-02
   0.232487E+04   0.513536E+04   0.331846E+02   0.114979E+02   0.439001E-02
   0.413354E+04   0.520104E+04   0.222947E+02   0.595795E+01   0.288463E-02
   0.323748E+04   0.522647E+04   0.252515E+02   0.436945E+00   0.315691E-02
   0.290871E+04   0.525953E+04   0.968875E+01   0.354574E+02   0.459466E-02
   0.389265E+04   0.529405E+04   0.376570E+02   0.401451E+01   0.473380E-02
   0.285308E+04   0.531708E+04   0.212514E+02   0.878389E+00   0.265870E-02
   0.247465E+04   0.534668E+04  -0.574885E+02   0.978433E+01   0.728940E-02
   0.246573E+04   0.537706E+04  -0.241316E+02   0.294932E+00   0.301668E-02
   0.236937E+04   0.535886E+04  -0.226680E+02   0.174489E+01   0.284188E-02
   0.323041E+04   0.541850E+04  -0.690430E+02   0.238979E+02   0.913274E-02
   0.341124E+04   0.555620E+04   0.110370E+02   0.504125E+01   0.151672E-02
   0.414344E+04   0.559863E+04  -0.279930E+02   0.415172E+01   0.353740E-02
   0.339708E+04   0.559541E+04   0.373989E+02   0.143247E+02   0.500606E-02
   0.242392E+04   0.562758E+04  -0.404733E+02   0.361478E+01   0.507930E-02
   0.258694E+04   0.564211E+04   0.283368E+02   0.139294E+01   0.354638E-02
   0.316663E+04   0.565475E+04  -0.328176E+02   0.184023E+01   0.410865E-02
   0.296991E+04   0.564275E+04  -0.232556E+02   0.146785E+02   0.343757E-02
   0.337507E+04   0.569606E+04   0.226919E+02   0.882731E+00   0.283863E-02
   0.405888E+04   0.567520E+04  -0.118061E+02   0.794958E+01   0.177914E-02
   0.235172E+04   0.570140E+04  -0.268883E+02   0.134809E+02   0.375980E-02
   0.238102E+04   0.574563E+04   0.648505E+02   0.744940E+01   0.815962E-02
   0.397882E+04   0.580484E+04  -0.220729E+02   0.564505E+01   0.284792E-02
   0.357825E+04   0.583436E+04  -0.341991E+02   0.380217E+02   0.639241E-02
   0.379858E+04   0.591014E+04  -0.329367E+02   0.329775E+01   0.413768E-02
   0.383851E+04   0.590496E+04  -0.408244E+02   0.195066E+01   0.510887E-02
   0.357922E+04   0.600443E+04  -0.277420E+02   0.741482E+01   0.358947E-02
   0.358722E+04   0.602644E+04   0.205962E+02   0.685637E+01   0.271343E-02
   0.224823E+04   0.606615E+04  -0.614283E+02   0.110781E+02   0.780241E-02
   0.319632E+04   0.610062E+04   0.189729E+02   0.777961E+01   0.256324E-02
   0.232319E+04   0.612979E+04  -0.165048E+02   0.349545E+01   0.210885E-02
   0.390350E+04   0.620157E+04   0.253571E+02   0.271979E+02   0.464810E-02
   0.230705E+04   0.625227E+04   0.613954E+02   0.859072E+01   0.774919E-02
   0.296320E+04   0.630953E+04   0.417309E+02   0.302270E+01   0.523003E-02
   0.229649E+04   0.635542E+04   0.190890E+02   0.734130E+01   0.255650E-02
   0.405589E+04   0.637296E+04   0.220343E+02   0.104737E+02   0.304961E-02
   0.383336E+04   0.647531E+04   0.572650E+01   0.275463E+01   0.794323E-03
   0.413151E+04   0.645211E+04  -0.746438E+01   0.227508E+01   0.975425E-03
   0.289268E+04   0.645666E+04  -0.304763E+02   0.233127E+01   0.382067E-02
   0.344973E+04   0.647443E+04  -0.557922E+02   0.237908E+01   0.698036E-02
   0.397885E+04   0.647401E+04   0.153638E+02   0.583250E+01   0.205421E-02
   0.361780E+04   0.653442E+04   0.267658E+02   0.410405E+01   0.338482E-02
   0.226251E+04   0.651760E+04  -0.476942E+02   0.630371E+02   0.988085E-02
   0.306677E+04   0.656809E+04  -0.328049E+02   0.351572E-01   0.410062E-02
   0.303301E+04   0.655490E+04  -0.393402E+02   0.460074E+01   0.495104E-02
   0.267325E+04   0.657568E+04  -0.423140E+02   0.891208E+01   0.540530E-02
   0.310471E+04   0.665834E+04  -0.190453E+02   0.470425E+01   0.245222E-02
   0.228931E+04   0.675438E+04  -0.180645E+02   0.165992E+01   0.226757E-02
   0.402446E+04   0.684435E+04   0.145232E+02   0.576624E+01   0.195326E-02
   0.392181E+04   0.686635E+04   0.181402E+02   0.318515E+02   0.458187E-02
   0.385209E+04   0.695336E+04   0.897390E+01   0.108920E+02   0.176408E-02
   0.219219E+04   0.698512E+04   0.588326E+01   0.212709E+02   0.275869E-02
   0.340930E+04   0.699436E+04   0.123724E+02   0.980471E+01   0.197330E-02
   0.268622E+04   0.700368E+04  -0.286920E+02   0.753650E+01   0.370816E-02
   0.238467E+04   0.716227E+04  -0.108893E+02   0.126278E+02   0.208431E-02
   0.286898E+04   0.718467E+04  -0.135333E+02   0.232217E+01   0.171638E-02
   0.357990E+04   0.722178E+04  -0.116174E+02   0.105379E+02   0.196059E-02
   0.275403E+04   0.722004E+04  -0.258716E+02   0.141261E+02   0.368461E-02
   0.331889E+04   0.725176E+04   0.193000E+01   0.504161E+01   0.674800E-03
   0.356350E+04   0.727537E+04  -0.447634E+00   0.332856E+01   0.419815E-03
   0.408813E+04   0.783867E+04  -0.110334E+01   0.419465E+01   0.542167E-03
   0.219554E+04   0.770016E+04   0.943389E+01   0.568898E+02   0.720833E-02
   0.369691E+04   0.779390E+04   0.117986E+02   0.914658E+01   0.186609E-02
   0.283465E+04   0.763567E+04  -0.178490E+02   0.301797E+02   0.438285E-02
   0.342062E+04   0.770444E+04  -0.726232E+01   0.138469E+02   0.195448E-02
   0.329526E+04   0.767083E+04  -0.781742E+01   0.233463E+02   0.307754E-02
   0.340295E+04   0.783419E+04  -0.524501E+01   0.619884E+00   0.660189E-03
   0.344184E+04   0.824221E+04   0.728995E+01   0.290971E+01   0.981149E-03
   0.289679E+04   0.751843E+04  -0.221161E+02   0.243378E+02   0.411067E-02
   0.352016E+04   0.742726E+04   0.337860E+00   0.117250E+02   0.146623E-02
   0.331357E+04   0.739609E+04   0.112770E+02   0.824229E+01   0.174601E-02
   0.288747E+04   0.739607E+04  -0.113463E+02   0.326658E+02   0.432253E-02
   0.408744E+04   0.736292E+04   0.225062E+02   0.159072E+02   0.344503E-02
   0.241585E+04   0.729667E+04  -0.169505E+01   0.612320E+02   0.765693E-02
   0.371063E+04   0.740075E+04   0.334585E+02   0.505331E+01   0.422974E-02
   0.313082E+04   0.786488E+04   0.688871E+01   0.131564E+02   0.185635E-02
   0.284540E+04   0.788812E+04   0.115980E+02   0.903514E+01   0.183775E-02
   0.251029E+04   0.815673E+04  -0.272835E+02   0.407264E+02   0.612759E-02
   0.390313E+04   0.805036E+04   0.355992E+02   0.580237E+01   0.450862E-02
   0.376613E+04   0.794408E+04   0.205263E+02   0.585412E+01   0.266810E-02
   0.347224E+04   0.789887E+04  -0.220312E+02   0.415852E+01   0.280253E-02
   0.411717E+04   0.799698E+04   0.163618E+02   0.393564E+02   0.532775E-02
   0.229959E+04   0.811196E+04   0.134970E+01   0.493609E+02   0.617242E-02
   0.243807E+04   0.757663E+04  -0.425371E+01   0.656341E+01   0.977660E-03
   0.257521E+04   0.808256E+04  -0.981121E+01   0.386501E+02   0.498450E-02
   0.238877E+04   0.790918E+04   0.231670E+02   0.362923E+02   0.538204E-02
   0.499066E+04   0.425650E+04  -0.171752E+02   0.904799E+01   0.242659E-02
   0.476534E+04   0.429454E+04  -0.176857E+02   0.102311E+02   0.255397E-02
   0.503427E+04   0.431654E+04  -0.471766E+02   0.251838E+02   0.668471E-02
   0.601719E+04   0.436015E+04  -0.321187E+02   0.339195E+02   0.583918E-02
   0.543454E+04   0.439478E+04  -0.220147E+02   0.207134E+02   0.377841E-02
   0.539744E+04   0.438722E+04  -0.226535E+02   0.165552E+02   0.350726E-02
   0.530125E+04   0.446057E+04  -0.943475E+01   0.257100E+02   0.342331E-02
   0.515366E+04   0.445529E+04  -0.217534E+02   0.264722E+02   0.428294E-02
   0.545104E+04   0.445227E+04  -0.948093E+01   0.213384E+02   0.291873E-02
   0.566791E+04   0.446846E+04  -0.311931E+02   0.298700E+02   0.539853E-02
   0.605783E+04   0.451950E+04  -0.220461E+02   0.193055E+02   0.366302E-02
   0.510328E+04   0.461024E+04  -0.121344E+02   0.166505E+02   0.257537E-02
   0.473292E+04   0.459198E+04  -0.181554E+02   0.148835E+02   0.293454E-02
   0.501271E+04   0.461271E+04  -0.152064E+02   0.174024E+02   0.288877E-02
   0.598079E+04   0.473448E+04  -0.943385E+01   0.255390E+02   0.340321E-02
   0.449534E+04   0.475794E+04   0.375261E+01   0.590542E+01   0.874607E-03
   0.506201E+04   0.482746E+04  -0.761569E+01   0.819653E+01   0.139856E-02
   0.543503E+04   0.487181E+04  -0.129131E+01   0.126189E+02   0.158559E-02
   0.573337E+04   0.489830E+04   0.172906E+02   0.932107E+01   0.245537E-02
   0.550910E+04   0.489464E+04  -0.905972E+00   0.335072E+02   0.418993E-02
   0.585193E+04   0.492420E+04  -0.164589E+02   0.238775E+02   0.362507E-02
   0.451870E+04   0.494106E+04  -0.268664E+02   0.276669E+02   0.482063E-02
   0.501082E+04   0.507797E+04  -0.786798E+01   0.144808E+02   0.206003E-02
   0.622138E+04   0.509343E+04  -0.783463E+01   0.451726E+02   0.573088E-02
   0.502695E+04   0.510118E+04   0.446233E+01   0.417271E+01   0.763666E-03
   0.479674E+04   0.508336E+04  -0.196855E+01   0.230311E+02   0.288938E-02
   0.510661E+04   0.511144E+04   0.153134E+02   0.258256E+01   0.194120E-02
   0.444877E+04   0.514681E+04  -0.167709E+02   0.113340E+02   0.253020E-02
   0.607738E+04   0.515398E+04  -0.848705E+01   0.284172E+02   0.370718E-02
   0.493980E+04   0.518160E+04  -0.152554E+01   0.720319E+01   0.920370E-03
   0.490233E+04   0.522295E+04  -0.184044E+02   0.180366E+02   0.322112E-02
   0.481690E+04   0.530536E+04  -0.109208E+02   0.218849E+01   0.139224E-02
   0.599932E+04   0.535345E+04  -0.832223E+01   0.293295E+02   0.381092E-02
   0.479887E+04   0.539398E+04  -0.212258E+02   0.160411E+02   0.332568E-02
   0.623645E+04   0.540232E+04  -0.595641E+01   0.230828E+02   0.297987E-02
   0.566272E+04   0.542572E+04  -0.291589E+01   0.380212E+02   0.476661E-02
   0.548862E+04   0.543672E+04  -0.244562E+02   0.380579E+02   0.565480E-02
   0.493437E+04   0.551708E+04  -0.882166E+01   0.794188E+01   0.148374E-02
   0.611788E+04   0.551517E+04  -0.111702E+02   0.933115E+01   0.181936E-02
   0.567666E+04   0.554019E+04  -0.137215E+02   0.166317E+02   0.269517E-02
   0.506886E+04   0.553374E+04  -0.742140E+01   0.166310E+02   0.227647E-02
   0.497893E+04   0.563926E+04   0.176750E+02   0.476060E+01   0.228811E-02
   0.475245E+04   0.565668E+04  -0.372853E+02   0.102864E+02   0.483478E-02
   0.459798E+04   0.570675E+04   0.401959E+02   0.660242E+01   0.509182E-02
   0.607687E+04   0.571617E+04  -0.875855E+01   0.157002E+02   0.224725E-02
   0.499631E+04   0.573157E+04  -0.404932E+02   0.847526E+00   0.506275E-02
   0.494546E+04   0.574185E+04  -0.582952E+02   0.152959E+01   0.728941E-02
   0.601412E+04   0.579317E+04   0.372512E+01   0.126758E+02   0.165148E-02
   0.565931E+04   0.589570E+04  -0.684208E+00   0.335209E+02   0.419099E-02
   0.624948E+04   0.595744E+04   0.861446E+01   0.203044E+02   0.275703E-02
   0.451592E+04   0.603378E+04   0.221868E+02   0.254744E+01   0.279157E-02
   0.552251E+04   0.609714E+04  -0.260004E+01   0.487100E+01   0.690186E-03
   0.520799E+04   0.610192E+04   0.319009E+01   0.114434E+02   0.148496E-02
   0.553461E+04   0.612438E+04  -0.118071E+02   0.123882E+02   0.213920E-02
   0.575542E+04   0.613731E+04   0.140339E+02   0.244107E+02   0.351966E-02
   0.621717E+04   0.613820E+04   0.633493E+01   0.684179E+02   0.858882E-02
   0.515669E+04   0.617968E+04   0.544649E+01   0.176452E+01   0.715648E-03
   0.513548E+04   0.619362E+04  -0.290849E+02   0.870406E+01   0.379493E-02
   0.628319E+04   0.619890E+04  -0.157554E+02   0.134984E+02   0.259339E-02
   0.547846E+04   0.620702E+04  -0.470631E+01   0.877642E+01   0.124483E-02
   0.543925E+04   0.630795E+04   0.177327E+01   0.150187E+02   0.189038E-02
   0.484193E+04   0.644985E+04  -0.204666E+02   0.176035E+02   0.337446E-02
   0.460508E+04   0.654313E+04  -0.105405E+02   0.797749E+01   0.165238E-02
   0.570338E+04   0.656216E+04  -0.575222E+01   0.115826E+01   0.733459E-03
   0.548014E+04   0.658372E+04  -0.141641E+02   0.300384E+01   0.180989E-02
   0.439082E+04   0.662144E+04   0.116044E+02   0.127910E+01   0.145934E-02
   0.453139E+04   0.658566E+04  -0.792456E+02   0.240351E+02   0.103513E-01
   0.528991E+04   0.661226E+04  -0.327003E+02   0.154425E+02   0.452041E-02
   0.477580E+04   0.661997E+04  -0.926545E+01   0.193554E+02   0.268235E-02
   0.472718E+04   0.668440E+04  -0.104228E+02   0.287587E+01   0.135153E-02
   0.610826E+04   0.667294E+04   0.272591E+02   0.779166E+02   0.103184E-01
   0.473773E+04   0.671527E+04  -0.276089E+02   0.564185E+01   0.352243E-02
   0.612654E+04   0.680426E+04  -0.319399E+02   0.759210E+01   0.410373E-02
   0.561760E+04   0.683282E+04  -0.480857E+02   0.105718E+02   0.615426E-02
   0.521395E+04   0.690366E+04   0.134294E+02   0.350854E+01   0.173502E-02
   0.605911E+04   0.693336E+04   0.252219E+02   0.284269E+01   0.317269E-02
   0.463013E+04   0.705585E+04   0.320387E+00   0.240616E+02   0.300797E-02
   0.557958E+04   0.716113E+04  -0.343465E+02   0.104052E+02   0.448601E-02
   0.550867E+04   0.717081E+04   0.226803E+02   0.864347E+01   0.303394E-02
   0.605935E+04   0.722111E+04   0.495882E+01   0.591340E+01   0.964674E-03
   0.581951E+04   0.725677E+04   0.459212E+01   0.110229E+01   0.590321E-03
   0.556245E+04   0.731639E+04   0.216550E+01   0.744721E+00   0.286247E-03
   0.608811E+04   0.793214E+04  -0.122929E+02   0.179773E+02   0.272230E-02
   0.492005E+04   0.785682E+04  -0.717011E+01   0.304106E+02   0.390556E-02
   0.485408E+04   0.771500E+04  -0.288747E+02   0.163415E+02   0.414728E-02
   0.438379E+04   0.783231E+04  -0.171971E+02   0.236615E+02   0.365634E-02
   0.574946E+04   0.739691E+04   0.170363E+02   0.334889E+01   0.217029E-02
   0.581365E+04   0.779698E+04   0.286945E+02   0.164870E+02   0.413671E-02
   0.521665E+04   0.780241E+04  -0.483952E+01   0.404554E+01   0.788466E-03
   0.501979E+04   0.773296E+04   0.236668E+02   0.538988E+01   0.303409E-02
   0.524974E+04   0.773851E+04   0.214293E+02   0.116954E+01   0.268264E-02
   0.603175E+04   0.763872E+04  -0.371048E+01   0.234360E+01   0.548579E-03
   0.581916E+04   0.754383E+04  -0.222196E+02   0.153906E+02   0.337866E-02
   0.543544E+04   0.752327E+04  -0.190858E+02   0.115951E+02   0.279149E-02
   0.469893E+04   0.751484E+04   0.224799E+02   0.108514E+02   0.312024E-02
   0.551704E+04   0.749471E+04   0.220447E+02   0.132391E+02   0.321433E-02
   0.537569E+04   0.750391E+04  -0.156929E+02   0.638239E+01   0.211764E-02
   0.615622E+04   0.743901E+04  -0.529094E+01   0.901136E+01   0.130623E-02
   0.496452E+04   0.812720E+04  -0.205806E+02   0.230029E+02   0.385821E-02
   0.560277E+04   0.798645E+04  -0.172705E+02   0.103790E+02   0.251867E-02
   0.549054E+04   0.819248E+04  -0.700668E+01   0.231861E+02   0.302771E-02
   0.588882E+04   0.792392E+04  -0.169920E+02   0.207456E+02   0.335203E-02
   0.516991E+04   0.812791E+04  -0.271104E+02   0.225453E+02   0.440749E-02
   0.523513E+04   0.809805E+04  -0.327015E+02   0.134968E+02   0.442215E-02
   0.606162E+04   0.808484E+04   0.419900E+01   0.202941E+02   0.259050E-02
   0.545690E+04   0.790328E+04   0.619457E+01   0.326634E+01   0.875372E-03
   0.476702E+04   0.810372E+04  -0.543084E+01   0.788055E+01   0.119633E-02
   0.764758E+04   0.422993E+04   0.952712E+01   0.553885E+02   0.702523E-02
   0.792786E+04   0.427219E+04   0.749348E+01   0.126072E+02   0.183326E-02
   0.765120E+04   0.427196E+04   0.137163E+02   0.369370E+02   0.492519E-02
   0.678720E+04   0.434922E+04  -0.294696E+02   0.150235E+02   0.413476E-02
   0.755892E+04   0.436647E+04  -0.768959E+01   0.212577E+02   0.282572E-02
   0.744704E+04   0.440429E+04  -0.796021E+00   0.339067E+02   0.423950E-02
   0.686613E+04   0.437467E+04  -0.406918E+02   0.428706E+02   0.738846E-02
   0.652480E+04   0.442168E+04  -0.165859E+01   0.723357E+01   0.927660E-03
   0.739424E+04   0.446062E+04   0.342390E+01   0.356242E+02   0.447354E-02
   0.697565E+04   0.449710E+04  -0.111563E+02   0.314635E+02   0.417285E-02
   0.766273E+04   0.447830E+04  -0.327833E+02   0.568401E+02   0.820208E-02
   0.702987E+04   0.452549E+04  -0.844960E+01   0.217860E+02   0.292090E-02
   0.830606E+04   0.450348E+04   0.373042E+00   0.721320E+02   0.901662E-02
   0.679073E+04   0.461512E+04  -0.472844E+01   0.510455E+02   0.640800E-02
   0.737951E+04   0.466566E+04  -0.140369E+02   0.283779E+02   0.395747E-02
   0.663048E+04   0.468925E+04  -0.731790E+01   0.282355E+02   0.364605E-02
   0.837464E+04   0.468277E+04   0.139425E+02   0.851627E+02   0.107871E-01
   0.724159E+04   0.470288E+04  -0.255649E+02   0.471878E+02   0.670850E-02
   0.782705E+04   0.479099E+04  -0.162314E+02   0.470922E+02   0.622637E-02
   0.656195E+04   0.482980E+04  -0.517248E+01   0.220300E+02   0.282864E-02
   0.775172E+04   0.483544E+04  -0.482312E+01   0.354637E+02   0.447377E-02
   0.820781E+04   0.483330E+04   0.135954E+02   0.451365E+02   0.589245E-02
   0.692035E+04   0.487142E+04  -0.171183E+02   0.493710E+02   0.653181E-02
   0.814635E+04   0.489326E+04  -0.609617E+01   0.608862E+02   0.764883E-02
   0.732284E+04   0.493192E+04  -0.379301E+01   0.368552E+02   0.463124E-02
   0.672116E+04   0.498869E+04  -0.277822E+02   0.574472E+02   0.797656E-02
   0.660037E+04   0.510906E+04  -0.122526E+02   0.221355E+02   0.316255E-02
   0.754429E+04   0.511597E+04  -0.402391E+02   0.482999E+02   0.785818E-02
   0.831769E+04   0.523460E+04   0.911155E+01   0.582596E+02   0.737097E-02
   0.821206E+04   0.522620E+04  -0.346409E+00   0.207183E+02   0.259015E-02
   0.761422E+04   0.519601E+04  -0.153323E+02   0.698979E+02   0.894497E-02
   0.726204E+04   0.525238E+04  -0.572073E+01   0.342135E+02   0.433606E-02
   0.783250E+04   0.525654E+04  -0.953069E+01   0.735935E+02   0.927601E-02
   0.730776E+04   0.528534E+04   0.326024E+01   0.200779E+01   0.478610E-03
   0.680790E+04   0.537391E+04  -0.162887E+02   0.228076E+02   0.350336E-02
   0.830959E+04   0.539665E+04  -0.341898E+01   0.441256E+02   0.553223E-02
   0.816856E+04   0.539518E+04  -0.210570E+02   0.673461E+02   0.882016E-02
   0.781377E+04   0.542458E+04  -0.396174E+01   0.463814E+02   0.581879E-02
   0.771109E+04   0.543022E+04  -0.232071E+02   0.361382E+02   0.536851E-02
   0.673324E+04   0.549219E+04  -0.200346E+01   0.275888E+02   0.345768E-02
   0.734441E+04   0.548727E+04  -0.108515E+02   0.672884E+02   0.851972E-02
   0.771272E+04   0.551732E+04  -0.738738E+01   0.114636E+02   0.170471E-02
   0.716629E+04   0.552461E+04  -0.633268E+01   0.808058E+02   0.101317E-01
   0.777418E+04   0.560117E+04  -0.784317E+01   0.566104E+02   0.714389E-02
   0.753608E+04   0.567923E+04  -0.369741E+01   0.321764E+02   0.404852E-02
   0.693852E+04   0.571720E+04  -0.187941E+01   0.367464E+02   0.459930E-02
   0.741258E+04   0.576007E+04  -0.445564E+01   0.131410E+02   0.173448E-02
   0.720363E+04   0.577295E+04   0.446830E+01   0.287141E+02   0.363246E-02
   0.677814E+04   0.583542E+04   0.245611E+02   0.319821E+02   0.504062E-02
   0.655555E+04   0.581386E+04   0.203571E+01   0.138124E+02   0.174521E-02
   0.723925E+04   0.579729E+04   0.379549E+01   0.326840E+02   0.411295E-02
   0.745018E+04   0.582085E+04   0.235571E+01   0.443984E+02   0.555760E-02
   0.797888E+04   0.586651E+04  -0.145575E+01   0.109794E+02   0.138444E-02
   0.835508E+04   0.590294E+04   0.428068E+01   0.566563E+02   0.710223E-02
   0.686170E+04   0.595110E+04  -0.132213E+01   0.308792E+02   0.386344E-02
   0.764930E+04   0.596099E+04   0.447712E+01   0.560774E+02   0.703198E-02
   0.648419E+04   0.599915E+04   0.127082E+02   0.404054E+02   0.529460E-02
   0.838137E+04   0.603376E+04  -0.690547E+01   0.380563E+02   0.483472E-02
   0.737621E+04   0.607454E+04  -0.936189E+01   0.483450E+01   0.131706E-02
   0.670523E+04   0.609494E+04   0.623313E+01   0.284912E+02   0.364564E-02
   0.804784E+04   0.609629E+04   0.642531E+01   0.695089E+02   0.872566E-02
   0.741602E+04   0.621200E+04  -0.509903E+01   0.169771E+02   0.221579E-02
   0.753794E+04   0.634514E+04  -0.792147E+01   0.167317E+02   0.231401E-02
   0.661301E+04   0.634868E+04  -0.182484E+01   0.406731E+02   0.508925E-02
   0.844259E+04   0.636527E+04  -0.748875E+01   0.457421E+02   0.579388E-02
   0.723729E+04   0.647252E+04  -0.116947E+02   0.471279E+02   0.606965E-02
   0.842022E+04   0.647647E+04  -0.651126E+01   0.243611E+02   0.315203E-02
   0.810633E+04   0.653983E+04  -0.760378E+01   0.588234E+02   0.741410E-02
   0.691184E+04   0.663175E+04  -0.298301E+02   0.421973E+02   0.645954E-02
   0.690969E+04   0.667379E+04   0.775414E+01   0.267638E+02   0.348306E-02
   0.699874E+04   0.671839E+04  -0.925277E+01   0.273115E+02   0.360454E-02
   0.818053E+04   0.673323E+04  -0.286238E+01   0.250556E+02   0.315232E-02
   0.796076E+04   0.672569E+04  -0.709613E+01   0.519340E+02   0.655207E-02
   0.843885E+04   0.678820E+04  -0.110081E+02   0.598667E+02   0.760879E-02
   0.691031E+04   0.690384E+04  -0.131402E+01   0.457254E+02   0.571804E-02
   0.783939E+04   0.692805E+04  -0.328948E+02   0.337615E+02   0.589213E-02
   0.741225E+04   0.696391E+04  -0.375932E+02   0.255918E+02   0.568466E-02
   0.737972E+04   0.696715E+04  -0.156283E+02   0.181007E+02   0.298925E-02
   0.740948E+04   0.697167E+04  -0.109635E+03   0.271503E+02   0.141183E-01
   0.762458E+04   0.697956E+04  -0.113188E+02   0.428267E+02   0.553715E-02
   0.699243E+04   0.708295E+04  -0.382079E+01   0.727357E+01   0.102700E-02
   0.723857E+04   0.707203E+04  -0.363432E+02   0.352909E+02   0.633230E-02
   0.680482E+04   0.710607E+04  -0.314100E+02   0.298997E+02   0.542071E-02
   0.649670E+04   0.717413E+04  -0.129229E+02   0.123871E+02   0.223761E-02
   0.682356E+04   0.716532E+04  -0.131199E+02   0.149242E+02   0.248390E-02
   0.730860E+04   0.717574E+04  -0.340466E+02   0.437798E+02   0.693254E-02
   0.742139E+04   0.719262E+04  -0.273845E+02   0.621638E+02   0.849103E-02
   0.755894E+04   0.726408E+04  -0.209170E+02   0.466026E+02   0.638519E-02
   0.688057E+04   0.764563E+04   0.392295E+01   0.620051E+01   0.917161E-03
   0.702965E+04   0.784305E+04  -0.440659E+01   0.179646E+02   0.231215E-02
   0.661948E+04   0.770157E+04  -0.203737E+02   0.247947E+02   0.401144E-02
   0.711597E+04   0.783382E+04  -0.171024E+02   0.332584E+02   0.467475E-02
   0.766947E+04   0.782908E+04  -0.636310E+02   0.370980E+02   0.920697E-02
   0.814403E+04   0.751653E+04  -0.311949E+02   0.417817E+02   0.651780E-02
   0.789604E+04   0.761211E+04   0.157563E+02   0.199651E+02   0.317920E-02
   0.701125E+04   0.755096E+04  -0.256509E+02   0.295223E+02   0.488865E-02
   0.691050E+04   0.754435E+04  -0.250000E+02   0.442876E+02   0.635707E-02
   0.814631E+04   0.729604E+04  -0.139652E+02   0.433476E+02   0.569270E-02
   0.699799E+04   0.758717E+04  -0.339793E+02   0.437740E+02   0.692681E-02
   0.665451E+04   0.748000E+04  -0.257365E+02   0.126162E+02   0.358281E-02
   0.748389E+04   0.742340E+04   0.143188E+02   0.359379E+02   0.483568E-02
   0.821043E+04   0.790364E+04  -0.478377E+02   0.762866E+02   0.112556E-01
   0.822699E+04   0.816587E+04  -0.205049E+02   0.320550E+02   0.475653E-02
   0.804999E+04   0.737921E+04  -0.286527E+02   0.578530E+02   0.806995E-02
   0.661798E+04   0.776414E+04  -0.306484E+02   0.352131E+02   0.583536E-02
   0.754437E+04   0.732485E+04  -0.241723E+02   0.454824E+02   0.643835E-02
   0.770530E+04   0.786385E+04  -0.387596E+02   0.554740E+02   0.845915E-02
   0.745330E+04   0.781857E+04  -0.131122E+02   0.446335E+02   0.581496E-02
   0.798994E+04   0.818953E+04  -0.544467E+02   0.492829E+02   0.917985E-02
   0.773267E+04   0.812154E+04  -0.506813E+02   0.750078E+02   0.113156E-01
   0.728267E+04   0.811986E+04  -0.207818E+02   0.582204E+02   0.772728E-02
   0.697132E+04   0.810731E+04  -0.163312E+02   0.482640E+02   0.636903E-02
   0.811883E+04   0.804157E+04  -0.332723E+02   0.531379E+02   0.783689E-02
   0.803294E+04   0.801616E+04  -0.362900E+02   0.642831E+02   0.922741E-02
