   0.460000E-01   0.272987E-04   0.128350E-06   0.125628E-07   0.145383E-07  -0.659939E-07   0.558757E-07
   0.920000E-01   0.270086E-04   0.769989E-07  -0.525987E-08   0.885978E-08  -0.635643E-08   0.344814E-07
   0.138000E+00   0.257607E-04   0.583343E-07   0.479430E-08   0.697628E-08  -0.136849E-07   0.269670E-07
   0.184000E+00   0.237205E-04   0.469444E-07  -0.720441E-08   0.581917E-08   0.131171E-07   0.225817E-07
   0.230000E+00   0.216366E-04   0.393549E-07   0.556089E-08   0.522583E-08  -0.897517E-08   0.200208E-07
   0.276000E+00   0.193257E-04   0.342009E-07  -0.179558E-08   0.483310E-08  -0.331859E-07   0.182867E-07
   0.322000E+00   0.168487E-04   0.303318E-07   0.305099E-08   0.453761E-08  -0.206571E-07   0.169139E-07
   0.368000E+00   0.144233E-04   0.268325E-07  -0.619465E-08   0.423153E-08  -0.357936E-07   0.157183E-07
   0.414000E+00   0.122256E-04   0.245090E-07   0.245967E-08   0.408716E-08  -0.503968E-07   0.150807E-07
   0.460000E+00   0.997709E-05   0.225732E-07  -0.335380E-08   0.396441E-08  -0.450963E-07   0.145359E-07
   0.506000E+00   0.784540E-05   0.210348E-07   0.913779E-09   0.384620E-08  -0.704261E-07   0.140640E-07
   0.552000E+00   0.583169E-05   0.196480E-07   0.128241E-08   0.371141E-08  -0.674186E-07   0.135243E-07
   0.598000E+00   0.399010E-05   0.185855E-07  -0.155691E-08   0.361444E-08  -0.217958E-07   0.131976E-07
   0.644000E+00   0.215110E-05   0.181612E-07  -0.142895E-10   0.360206E-08  -0.336684E-07   0.131298E-07
   0.690000E+00   0.264260E-06   0.175453E-07  -0.412910E-09   0.351267E-08   0.207044E-07   0.128721E-07
   0.736000E+00  -0.136791E-05   0.173833E-07   0.644397E-08   0.346458E-08   0.553496E-07   0.126861E-07
   0.782000E+00  -0.296849E-05   0.175061E-07  -0.211049E-09   0.344903E-08   0.106758E-06   0.127055E-07
   0.828000E+00  -0.448544E-05   0.179688E-07   0.336700E-08   0.344719E-08   0.991582E-07   0.127561E-07
   0.874000E+00  -0.591680E-05   0.183027E-07  -0.610453E-09   0.340411E-08   0.982859E-07   0.126649E-07
   0.920000E+00  -0.707961E-05   0.190657E-07   0.301885E-08   0.340963E-08   0.995039E-07   0.127942E-07
   0.966000E+00  -0.815166E-05   0.200966E-07  -0.165470E-08   0.343682E-08   0.806233E-07   0.129636E-07
   0.101200E+01  -0.910256E-05   0.210877E-07  -0.310904E-08   0.343710E-08   0.112779E-06   0.131046E-07
   0.105800E+01  -0.972617E-05   0.222637E-07   0.270826E-08   0.347520E-08   0.465262E-07   0.133143E-07
   0.110400E+01  -0.101214E-04   0.235890E-07   0.308306E-08   0.352814E-08   0.179961E-07   0.135916E-07
   0.115000E+01  -0.101453E-04   0.250502E-07  -0.898883E-09   0.359520E-08   0.147003E-08   0.140099E-07
   0.119600E+01  -0.995064E-05   0.264638E-07   0.515090E-08   0.365340E-08  -0.784750E-07   0.142857E-07
   0.124200E+01  -0.936382E-05   0.278742E-07   0.182940E-08   0.369361E-08  -0.115848E-06   0.146602E-07
   0.128800E+01  -0.836599E-05   0.298889E-07  -0.878550E-08   0.379065E-08  -0.124645E-06   0.152157E-07
   0.133400E+01  -0.691682E-05   0.317944E-07  -0.371636E-08   0.391956E-08  -0.121705E-06   0.158930E-07
   0.138000E+01  -0.524319E-05   0.336788E-07  -0.647232E-08   0.398314E-08  -0.129844E-06   0.163439E-07
   0.142600E+01  -0.293161E-05   0.356940E-07  -0.316438E-08   0.408013E-08  -0.689021E-07   0.168431E-07
   0.147200E+01  -0.337281E-07   0.381445E-07  -0.709076E-08   0.421846E-08  -0.544798E-07   0.176653E-07
   0.151800E+01   0.333905E-05   0.407762E-07   0.498303E-08   0.436263E-08  -0.717437E-07   0.185709E-07
   0.156400E+01   0.681088E-05   0.433095E-07  -0.119068E-07   0.452206E-08  -0.622096E-07   0.195812E-07
   0.161000E+01   0.107993E-04   0.463880E-07   0.648127E-08   0.473624E-08  -0.141269E-06   0.210043E-07
   0.165600E+01   0.147926E-04   0.502803E-07  -0.528698E-08   0.503218E-08  -0.570808E-07   0.228334E-07
   0.170200E+01   0.180174E-04   0.534995E-07  -0.107303E-07   0.531392E-08   0.138518E-07   0.244710E-07
   0.174800E+01   0.208180E-04   0.567400E-07   0.569606E-08   0.567008E-08  -0.215548E-07   0.263847E-07
   0.179400E+01   0.226599E-04   0.599757E-07  -0.388775E-08   0.622557E-08   0.185701E-07   0.286802E-07
   0.184000E+01   0.232537E-04   0.625579E-07  -0.127352E-07   0.700850E-08   0.662797E-09   0.317327E-07
   0.188600E+01   0.214752E-04   0.622855E-07  -0.156807E-07   0.780369E-08   0.743274E-07   0.342061E-07
   0.193200E+01   0.183125E-04   0.612137E-07   0.147887E-07   0.918095E-08   0.592646E-07   0.380640E-07
   0.197800E+01   0.149738E-04   0.616935E-07  -0.406768E-08   0.115695E-07  -0.988549E-07   0.447121E-07
   0.202400E+01   0.116242E-04   0.660512E-07   0.549001E-08   0.151707E-07  -0.477879E-06   0.553114E-07
   0.207000E+01   0.847734E-05   0.737878E-07  -0.156209E-07   0.205874E-07  -0.596078E-06   0.698109E-07
   0.211600E+01   0.599527E-05   0.866197E-07   0.591988E-08   0.292968E-07  -0.764206E-06   0.899243E-07
   0.216200E+01   0.418740E-05   0.101615E-06   0.600973E-08   0.411195E-07  -0.570101E-06   0.119405E-06
   0.220800E+01   0.307842E-05   0.125335E-06   0.776319E-07   0.579022E-07  -0.646227E-06   0.162582E-06
   0.225400E+01   0.137010E-05   0.109719E-06  -0.630095E-08   0.784976E-07  -0.239472E-06   0.175981E-06
   0.230000E+01   0.146299E-05   0.276904E-06   0.309789E-07   0.210838E-06  -0.348391E-06   0.449491E-06
