7648
7270
7251
7300
7136
6925
7300
7196
7618
7382
7162
7295
7027
7332
7283
7500
7285
7186
7249
6541
7300
7401
7281
7318
7494
7285
7607
7401
7070
6856
7058
6949
6700
6313
6834
6935
6953
6808
7025
7076
7038
7436
7398
7511
7294
7317
7058
7381
7606
7359
7246
7166
7408
7292
7316
7141
7248
7279
7025
7188
6478
7213
7209
7273
6880
7145
6959
6988
7151
6878
7270
7184
7084
6737
7061
7272
7268
6824
6974
7142
7052
6545
6639
7599
7466
7561
7691
7113
7296
7870
7354
7978
7613
7033
7542
7665
7565
7030
7114
7362
7386
7451
6761
7095
7299
7489
7197
7374
7410
6965
7167
6751
6922
7189
6952
7010
6497
7217
7065
7007
7271
7032
7000
7133
7155
7018
7200
7122
7041
6631
7136
7086
7241
6946
7157
7220
7070
7181
7529
7294
7344
7370
6903
7265
7650
7578
7309
7181
7435
7479
7292
7142
7203
7207
6919
7134
6455
7216
7070
7144
7257
7426
7242
7219
7059
7289
7304
7646
7639
7159
7147
7301
7298
7490
7274
7575
7371
7568
7705
7088
7212
7347
7176
7061
6419
7126
7233
7180
7394
7332
7296
6882
7047
6964
6915
7158
6844
7382
6512
7179
6976
7083
7145
6930
7110
6817
7286
7022
7247
7259
6980
6596
7124
7434
7358
7086
7164
7029
7221
7237
7214
7217
7173
7398
6909
7027
7134
7057
7125
7520
7284
7186
7093
7102
7116
7136
7334
7027
6493
7167
7228
7288
7345
7220
7109
7299
6901
7074
7003
7009
6938
7161
6678
7110
6909
7086
7113
7230
7084
7076
7542
7273
7314
7441
7288
6777
7199
7327
7448
6901
7115
7159
7214
7357
7618
7478
7366
7170
7211
7393
7248
7170
7386
7271
7457
7377
7168
7156
7196
7359
7433
7126
6418
7312
7036
7097
7204
6968
7230
7021
6987
7095
7178
7248
7160
7321
6391
7030
6990
7259
7028
7068
7152
7062
7084
7208
7005
6965
6918
6650
6948
7256
7430
7118
7376
7364
7072
6225
6391
7086
7286
7353
7518
7355
7020
7159
7097
7456
7044
7501
7514
7166
7422
7462
7400
7230
7586
6970
6610
7193
7326
7349
7364
7417
7478
7545
7204
7158
7353
7169
7128
7268
6697
7191
7317
7510
7192
7400
7324
7125
7212
7149
7282
6997
7343
6959
6983
7333
7263
7220
7346
7147
7244
7075
7197
7492
7492
7357
7206
7303
7446
7664
7302
7440
7382
7532
7464
7153
7303
7474
