   0.529506E-02    1329    2001
   0.792340E-02    1320    4001
   0.833239E-02    1353    6001
   0.842496E-02    1353    8001
   0.787359E-02    1325   10001
   0.788927E-02    1358   12001
   0.745147E-02    1311   14001
   0.754592E-02    1365   16001
   0.711025E-02    1365   18001
   0.388730E-02    1363   20001
   0.813205E-02    1347   22001
   0.783411E-02    1327   24001
   0.745685E-02    1291   26001
   0.730957E-02    1284   28001
   0.185980E-02    1334   30001
   0.765494E-02    1349   32001
   0.791205E-02    1336   34001
   0.691991E-02    1309   36001
   0.764307E-02    1363   38001
   0.788389E-02    1288   40001
   0.818169E-02    1352   42001
   0.776563E-02    1325   44001
   0.822598E-02    1311   46001
   0.749537E-02    1340   48001
   0.821951E-02    1340   50001
   0.848975E-02    1343   52001
   0.666474E-02    1316   54001
   0.810507E-02    1313   56001
   0.850528E-02    1320   58001
   0.863781E-02    1315   60001
   0.765686E-02    1344   62001
   0.789526E-02    1320   64001
   0.802460E-02    1351   66001
   0.756279E-02    1328   68001
   0.833940E-02    1315   70001
   0.838800E-02    1320   72001
   0.784803E-02    1347   74001
   0.859576E-02    1335   76001
   0.825411E-02    1317   78001
   0.767651E-02    1311   80001
   0.767947E-02    1308   82001
   0.746397E-02    1315   84001
   0.702439E-02    1304   86001
   0.775063E-02    1342   88001
   0.834457E-02    1342   90001
   0.812338E-02    1357   92001
   0.836144E-02    1329   94001
   0.825335E-02    1309   96001
   0.677090E-02    1314   98001
   0.743779E-02    1323  100001
   0.482768E-02    1318  102001
   0.809204E-02    1320  104001
   0.768269E-02    1335  106001
   0.786677E-02    1300  108001
   0.805479E-02    1353  110001
   0.825639E-02    1366  112001
   0.765843E-02    1345  114001
   0.801902E-02    1314  116001
   0.805421E-02    1335  118001
   0.651891E-02    1337  120001
   0.831027E-02    1357  122001
   0.821622E-02    1329  124001
   0.769658E-02    1354  126001
   0.740048E-02    1355  128001
   0.730990E-02    1324  130001
   0.804890E-02    1373  132001
   0.754963E-02    1346  134001
   0.804663E-02    1372  136001
   0.828475E-02    1327  138001
   0.866885E-02    1329  140001
   0.801080E-02    1360  142001
   0.774417E-02    1347  144001
   0.799289E-02    1333  146001
   0.796151E-02    1339  148001
   0.738839E-02    1335  150001
   0.786935E-02    1340  152001
   0.769371E-02    1328  154001
   0.804747E-02    1333  156001
   0.320828E-02    1339  158001
   0.882502E-02    1364  160001
   0.763247E-02    1347  162001
   0.759340E-02    1324  164001
   0.325353E-02    1309  166001
   0.788560E-02    1310  168001
   0.844208E-02    1288  170001
   0.805070E-02    1320  172001
   0.619843E-02    1337  174001
   0.775062E-02    1320  176001
   0.881014E-02    1392  178001
   0.733166E-02    1321  180001
   0.825167E-02    1325  182001
   0.814420E-02    1285  184001
   0.779125E-02    1333  186001
   0.846739E-02    1336  188001
   0.753913E-02    1343  190001
   0.476803E-02    1303  192001
   0.143909E-02    1319  194001
   0.857273E-02    1319  196001
   0.649163E-02    1332  198001
   0.830855E-02    1324  200001
   0.853486E-02    1272  202001
   0.748139E-02    1322  204001
   0.808285E-02    1355  206001
   0.724017E-02    1339  208001
   0.825380E-02    1317  210001
   0.683355E-02    1326  212001
   0.827342E-02    1347  214001
   0.814813E-02    1365  216001
   0.839262E-02    1344  218001
   0.811226E-02    1348  220001
   0.745375E-02    1325  222001
   0.752680E-02    1328  224001
   0.740889E-02    1355  226001
   0.838517E-02    1317  228001
   0.770127E-02    1299  230001
   0.761247E-02    1329  232001
   0.734766E-02    1336  234001
   0.741870E-02    1356  236001
   0.805572E-02    1314  238001
   0.776591E-02    1311  240001
   0.849097E-02    1356  242001
   0.779197E-02    1308  244001
   0.693283E-02    1310  246001
   0.838509E-02    1354  248001
   0.820763E-02    1400  250001
   0.815549E-02    1309  252001
   0.802846E-02    1321  254001
   0.714002E-02    1338  256001
   0.837474E-02    1339  258001
   0.811967E-02    1315  260001
   0.780559E-02    1317  262001
   0.808870E-02    1326  264001
   0.760558E-02    1384  266001
   0.804070E-02    1351  268001
   0.820540E-02    1354  270001
   0.844858E-02    1323  272001
   0.805159E-02    1356  274001
   0.837477E-02    1327  276001
   0.529956E-02    1351  278001
   0.813723E-02    1332  280001
   0.776297E-02    1325  282001
   0.769004E-02    1341  284001
   0.792760E-02    1302  286001
   0.814982E-02    1339  288001
   0.762315E-02    1354  290001
   0.714974E-02    1334  292001
   0.698904E-02    1289  294001
   0.751063E-02    1335  296001
   0.791154E-02    1336  298001
   0.811869E-02    1343  300001
   0.711372E-02    1357  302001
   0.803181E-02    1368  304001
   0.851486E-02    1345  306001
   0.738294E-02    1333  308001
   0.817026E-02    1317  310001
   0.786027E-02    1324  312001
   0.845915E-02    1346  314001
   0.703859E-02    1309  316001
   0.509448E-02    1369  318001
   0.797072E-02    1340  320001
   0.626943E-02    1314  322001
   0.808293E-02    1295  324001
   0.769372E-02    1332  326001
   0.531672E-02    1342  328001
   0.738301E-02    1325  330001
   0.861998E-02    1348  332001
   0.748515E-02    1368  334001
   0.782649E-02    1345  336001
   0.794094E-02    1340  338001
   0.826694E-02    1316  340001
   0.534621E-02    1331  342001
   0.844642E-02    1329  344001
   0.399027E-02    1342  346001
   0.793839E-02    1353  348001
   0.766428E-02    1346  350001
   0.769327E-02    1346  352001
   0.839241E-02    1346  354001
   0.841742E-02    1344  356001
   0.733545E-02    1331  358001
   0.880642E-02    1355  360001
   0.761605E-02    1329  362001
   0.751759E-02    1306  364001
   0.857581E-02    1309  366001
   0.845373E-02    1306  368001
   0.708309E-02    1305  370001
   0.742474E-02    1318  372001
   0.667977E-02    1333  374001
   0.800320E-02    1313  376001
   0.783690E-02    1323  378001
   0.739362E-02    1294  380001
   0.719036E-02    1374  382001
   0.684271E-02    1351  384001
   0.820772E-02    1371  386001
   0.798535E-02    1329  388001
   0.819685E-02    1347  390001
   0.737284E-02    1339  392001
   0.870154E-02    1301  394001
   0.655299E-02    1294  396001
   0.838389E-02    1315  398001
   0.817933E-02    1338  400001
   0.801133E-02    1320  402001
   0.866488E-02    1319  404001
   0.807385E-02    1311  406001
   0.739815E-02    1332  408001
   0.753801E-02    1350  410001
   0.760962E-02    1337  412001
   0.829941E-02    1319  414001
   0.739631E-02    1331  416001
   0.861114E-02    1354  418001
   0.708247E-02    1332  420001
   0.820394E-02    1324  422001
   0.818827E-02    1348  424001
   0.751185E-02    1344  426001
   0.774652E-02    1344  428001
   0.459595E-02    1367  430001
   0.797079E-02    1302  432001
   0.871877E-02    1316  434001
   0.842772E-02    1352  436001
   0.811234E-02    1344  438001
   0.879296E-02    1319  440001
   0.494972E-02    1337  442001
   0.724094E-02    1323  444001
   0.821753E-02    1329  446001
   0.454694E-02    1324  448001
   0.698076E-02    1328  450001
   0.751913E-02    1329  452001
   0.736397E-02    1326  454001
   0.741804E-02    1316  456001
   0.486580E-02    1343  458001
   0.755791E-02    1327  460001
   0.720811E-02    1340  462001
   0.281002E-02    1334  464001
   0.794280E-02    1347  466001
   0.835141E-02    1365  468001
   0.849153E-02    1351  470001
   0.819844E-02    1350  472001
   0.831735E-02    1355  474001
   0.802018E-02    1290  476001
   0.819353E-02    1346  478001
   0.750390E-02    1348  480001
   0.744280E-02    1332  482001
   0.802450E-02    1336  484001
   0.801134E-02    1342  486001
   0.835400E-02    1318  488001
   0.747062E-02    1332  490001
   0.810978E-02    1324  492001
   0.780619E-02    1354  494001
   0.779028E-02    1347  496001
   0.780890E-02    1330  498001
   0.771838E-02    1311  500001
   0.779648E-02    1367  502001
   0.551195E-02    1338  504001
   0.797321E-02    1331  506001
   0.787738E-02    1307  508001
   0.782332E-02    1338  510001
   0.842014E-02    1332  512001
   0.825674E-02    1360  514001
   0.744576E-02    1339  516001
   0.856532E-02    1324  518001
   0.769010E-02    1330  520001
   0.835770E-02    1357  522001
   0.554124E-02    1341  524001
   0.802261E-02    1353  526001
   0.767051E-02    1325  528001
   0.767059E-02    1338  530001
   0.849160E-02    1363  532001
   0.746374E-02    1356  534001
   0.805983E-02    1377  536001
   0.409907E-02    1361  538001
   0.728655E-02    1310  540001
   0.813558E-02    1349  542001
   0.750962E-02    1351  544001
   0.835146E-02    1329  546001
   0.817514E-02    1324  548001
   0.752541E-02    1335  550001
   0.838199E-02    1305  552001
   0.814731E-02    1359  554001
   0.859474E-02    1347  556001
   0.586251E-02    1303  558001
   0.842882E-02    1345  560001
   0.527698E-02    1329  562001
   0.780891E-02    1312  564001
   0.739694E-02    1386  566001
   0.542035E-02    1299  568001
   0.836712E-02    1326  570001
   0.808535E-02    1329  572001
   0.647708E-02    1329  574001
   0.792543E-02    1347  576001
   0.825713E-02    1356  578001
   0.405471E-02    1337  580001
   0.795768E-02    1341  582001
   0.814072E-02    1341  584001
   0.528100E-02    1347  586001
   0.839662E-02    1350  588001
   0.809387E-02    1357  590001
   0.872380E-02    1325  592001
   0.764106E-02    1321  594001
   0.811341E-02    1347  596001
   0.828836E-02    1322  598001
   0.692683E-02    1305  600001
   0.734681E-02    1313  602001
   0.342630E-02    1343  604001
   0.826072E-02    1354  606001
   0.871016E-02    1338  608001
   0.889087E-02    1346  610001
   0.836122E-02    1359  612001
   0.740514E-02    1302  614001
   0.818278E-02    1341  616001
   0.680167E-02    1319  618001
   0.778431E-02    1327  620001
   0.725635E-02    1323  622001
   0.769979E-02    1335  624001
   0.772985E-02    1330  626001
   0.870010E-02    1355  628001
   0.715192E-02    1325  630001
   0.793015E-02    1334  632001
   0.785494E-02    1339  634001
   0.844332E-02    1331  636001
   0.834643E-02    1340  638001
   0.738681E-02    1335  640001
   0.853286E-02    1305  642001
   0.741556E-02    1350  644001
   0.657715E-02    1359  646001
   0.800317E-02    1339  648001
   0.868472E-02    1383  650001
   0.220542E-02    1348  652001
   0.773986E-02    1328  654001
   0.778351E-02    1373  656001
   0.538495E-02    1355  658001
   0.874528E-02    1311  660001
   0.790916E-02    1334  662001
   0.599074E-02    1331  664001
   0.893910E-02    1355  666001
   0.778560E-02    1309  668001
   0.578989E-02    1370  670001
   0.767606E-02    1295  672001
   0.833027E-02    1339  674001
   0.772326E-02    1323  676001
   0.807492E-02    1312  678001
   0.875730E-02    1332  680001
   0.786140E-02    1295  682001
   0.702551E-02    1336  684001
   0.939398E-02    1299  686001
   0.797582E-02    1325  688001
   0.824959E-02    1317  690001
   0.494759E-02    1299  692001
   0.487147E-02    1327  694001
   0.819789E-02    1347  696001
   0.759112E-02    1344  698001
   0.757663E-02    1347  700001
   0.782017E-02    1361  702001
   0.813890E-02    1313  704001
   0.832379E-02    1325  706001
   0.676866E-02    1320  708001
   0.804314E-02    1328  710001
   0.697124E-02    1297  712001
   0.829387E-02    1311  714001
   0.773615E-02    1298  716001
   0.843622E-02    1341  718001
   0.196953E-02    1371  720001
   0.783584E-02    1335  722001
   0.190732E-02    1358  724001
   0.758502E-02    1354  726001
   0.603440E-02    1330  728001
   0.771300E-02    1326  730001
   0.778114E-02    1329  732001
   0.733026E-02    1321  734001
   0.593888E-02    1354  736001
   0.601829E-02    1324  738001
   0.749638E-02    1364  740001
   0.857627E-02    1315  742001
   0.839372E-02    1316  744001
   0.842603E-02    1349  746001
   0.765250E-02    1299  748001
   0.821849E-02    1362  750001
   0.759038E-02    1338  752001
   0.834196E-02    1317  754001
   0.359153E-02    1334  756001
   0.774229E-02    1335  758001
   0.868210E-02    1329  760001
   0.860181E-02    1347  762001
   0.841384E-02    1330  764001
   0.838585E-02    1332  766001
   0.822156E-02    1317  768001
   0.622880E-02    1320  770001
   0.823859E-02    1360  772001
   0.827229E-02    1318  774001
   0.823013E-02    1320  776001
   0.860659E-02    1312  778001
   0.778099E-02    1314  780001
   0.822384E-02    1323  782001
   0.727818E-02    1344  784001
   0.772932E-02    1313  786001
   0.794526E-02    1386  788001
   0.829642E-02    1337  790001
   0.835610E-02    1353  792001
   0.847093E-02    1353  794001
   0.766868E-02    1333  796001
   0.849094E-02    1363  798001
   0.825901E-02    1344  800001
   0.743165E-02    1352  802001
   0.823040E-02    1325  804001
   0.819364E-02    1318  806001
   0.518516E-02    1347  808001
   0.818691E-02    1370  810001
   0.837551E-02    1320  812001
   0.783511E-02    1345  814001
   0.781145E-02    1336  816001
   0.831253E-02    1324  818001
   0.764996E-02    1335  820001
   0.800783E-02    1331  822001
   0.938637E-02    1354  824001
   0.707334E-02    1328  826001
   0.691780E-02    1347  828001
   0.764021E-02    1331  830001
   0.723224E-02    1288  832001
   0.814003E-02    1337  834001
   0.890278E-02    1339  836001
   0.862561E-02    1346  838001
   0.713871E-02    1311  840001
   0.735507E-02    1375  842001
   0.681774E-02    1324  844001
   0.878376E-02    1350  846001
   0.814235E-02    1307  848001
   0.335834E-02    1370  850001
   0.811200E-02    1351  852001
   0.787805E-02    1319  854001
   0.701163E-02    1328  856001
   0.820472E-02    1381  858001
   0.806632E-02    1350  860001
   0.800316E-02    1319  862001
   0.848832E-02    1328  864001
   0.840097E-02    1314  866001
   0.844440E-02    1317  868001
   0.758222E-02    1318  870001
   0.742371E-02    1326  872001
   0.765522E-02    1330  874001
   0.782056E-02    1335  876001
   0.793332E-02    1315  878001
   0.807620E-02    1354  880001
   0.841208E-02    1345  882001
   0.746267E-02    1349  884001
   0.790565E-02    1343  886001
   0.413504E-02    1352  888001
   0.708752E-02    1303  890001
   0.791058E-02    1341  892001
   0.820240E-02    1369  894001
   0.876469E-02    1347  896001
   0.817623E-02    1318  898001
   0.800515E-02    1367  900001
   0.777354E-02    1324  902001
   0.853961E-02    1332  904001
   0.778157E-02    1346  906001
   0.188975E-02    1368  908001
   0.879067E-02    1322  910001
   0.715126E-02    1334  912001
   0.781721E-02    1350  914001
   0.758117E-02    1335  916001
   0.781375E-02    1349  918001
   0.823614E-02    1322  920001
   0.807716E-02    1358  922001
   0.579590E-02    1316  924001
   0.766005E-02    1346  926001
   0.782930E-02    1373  928001
   0.699978E-02    1345  930001
   0.814203E-02    1338  932001
   0.819401E-02    1332  934001
   0.778882E-02    1317  936001
   0.867009E-02    1325  938001
   0.743996E-02    1340  940001
   0.792772E-02    1340  942001
   0.772691E-02    1306  944001
   0.797390E-02    1339  946001
   0.835847E-02    1325  948001
   0.803919E-02    1357  950001
   0.819598E-02    1346  952001
   0.807177E-02    1351  954001
   0.766203E-02    1306  956001
   0.895905E-02    1350  958001
   0.808307E-02    1337  960001
   0.795501E-02    1295  962001
   0.765107E-02    1329  964001
   0.897372E-02    1349  966001
   0.728392E-02    1346  968001
   0.808987E-02    1308  970001
   0.841837E-02    1339  972001
   0.834865E-02    1308  974001
   0.803845E-02    1352  976001
   0.816281E-02    1295  978001
   0.863460E-02    1306  980001
   0.783028E-02    1318  982001
   0.769756E-02    1327  984001
   0.752729E-02    1288  986001
   0.835493E-02    1365  988001
   0.762608E-02    1341  990001
   0.852539E-02    1329  992001
   0.794980E-02    1341  994001
   0.820428E-02    1354  996001
   0.355062E-02    1320  998001
   0.797123E-02    1309 1000001
   0.782585E-02    1325 1002001
   0.715080E-02    1340 1004001
   0.553929E-02    1315 1006001
   0.748427E-02    1343 1008001
   0.758560E-02    1310 1010001
   0.809091E-02    1306 1012001
   0.788675E-02    1325 1014001
   0.523603E-02    1343 1016001
   0.734272E-02    1332 1018001
   0.858188E-02    1354 1020001
   0.591451E-02    1346 1022001
   0.864534E-02    1347 1024001
   0.788515E-02    1318 1026001
   0.797060E-02    1336 1028001
   0.800422E-02    1337 1030001
   0.743130E-02    1339 1032001
   0.765190E-02    1329 1034001
   0.800118E-02    1327 1036001
   0.799848E-02    1334 1038001
   0.791396E-02    1311 1040001
   0.860551E-02    1322 1042001
   0.802859E-02    1327 1044001
   0.800140E-02    1314 1046001
   0.791910E-02    1339 1048001
   0.818457E-02    1341 1050001
   0.653783E-02    1324 1052001
   0.799418E-02    1356 1054001
   0.804498E-02    1347 1056001
   0.809310E-02    1338 1058001
   0.747517E-02    1355 1060001
   0.823092E-02    1301 1062001
   0.865348E-02    1343 1064001
   0.727301E-02    1336 1066001
   0.719336E-02    1328 1068001
   0.801953E-02    1347 1070001
   0.793316E-02    1360 1072001
   0.804259E-02    1336 1074001
   0.639097E-02    1293 1076001
   0.752746E-02    1328 1078001
   0.787444E-02    1318 1080001
   0.724821E-02    1311 1082001
   0.762298E-02    1352 1084001
   0.804059E-02    1339 1086001
   0.811452E-02    1358 1088001
   0.793236E-02    1365 1090001
   0.388645E-02    1332 1092001
   0.761102E-02    1325 1094001
   0.821060E-02    1304 1096001
   0.801323E-02    1344 1098001
   0.834999E-02    1342 1100001
   0.786669E-02    1323 1102001
   0.802119E-02    1323 1104001
   0.322628E-02    1334 1106001
   0.804007E-02    1339 1108001
   0.657653E-02    1319 1110001
   0.751947E-02    1356 1112001
   0.802542E-02    1338 1114001
   0.761305E-02    1360 1116001
   0.797194E-02    1324 1118001
   0.845756E-02    1311 1120001
   0.791480E-02    1336 1122001
   0.738339E-02    1347 1124001
   0.797875E-02    1310 1126001
   0.729292E-02    1331 1128001
   0.793450E-02    1323 1130001
   0.600716E-02    1323 1132001
   0.616706E-02    1342 1134001
   0.766838E-02    1346 1136001
   0.340838E-02    1358 1138001
   0.821075E-02    1323 1140001
   0.774738E-02    1368 1142001
   0.895756E-02    1354 1144001
   0.844824E-02    1345 1146001
   0.704781E-02    1368 1148001
   0.810786E-02    1327 1150001
   0.429134E-02    1326 1152001
   0.759168E-02    1347 1154001
   0.705585E-02    1349 1156001
   0.823434E-02    1349 1158001
   0.793688E-02    1363 1160001
   0.836410E-02    1316 1162001
   0.739420E-02    1304 1164001
   0.680738E-02    1332 1166001
   0.844829E-02    1321 1168001
   0.827238E-02    1351 1170001
   0.789472E-02    1342 1172001
   0.859230E-02    1366 1174001
   0.775864E-02    1342 1176001
   0.801704E-02    1344 1178001
   0.839215E-02    1334 1180001
   0.570772E-02    1326 1182001
   0.833333E-02    1372 1184001
   0.371767E-02    1364 1186001
   0.869402E-02    1360 1188001
   0.237558E-02    1333 1190001
   0.784298E-02    1324 1192001
   0.803494E-02    1327 1194001
   0.804440E-02    1331 1196001
   0.744124E-02    1342 1198001
   0.578417E-02    1318 1200001
   0.822677E-02    1319 1202001
   0.764280E-02    1315 1204001
   0.785915E-02    1330 1206001
   0.693337E-02    1356 1208001
   0.828735E-02    1333 1210001
   0.785936E-02    1362 1212001
   0.759069E-02    1308 1214001
   0.714293E-02    1334 1216001
   0.781494E-02    1360 1218001
   0.789255E-02    1324 1220001
   0.800896E-02    1338 1222001
   0.824250E-02    1345 1224001
   0.747252E-02    1341 1226001
   0.734952E-02    1344 1228001
   0.893480E-02    1337 1230001
   0.790294E-02    1332 1232001
   0.806167E-02    1361 1234001
   0.635694E-02    1347 1236001
   0.766976E-02    1318 1238001
   0.835375E-02    1358 1240001
   0.238880E-02    1313 1242001
   0.860560E-02    1328 1244001
   0.722106E-02    1334 1246001
   0.856734E-02    1324 1248001
   0.727256E-02    1356 1250001
   0.794382E-02    1292 1252001
   0.843314E-02    1326 1254001
   0.745067E-02    1335 1256001
   0.680470E-02    1330 1258001
   0.791013E-02    1275 1260001
   0.815274E-02    1314 1262001
   0.885105E-02    1324 1264001
   0.756542E-02    1311 1266001
   0.794062E-02    1353 1268001
   0.812860E-02    1337 1270001
   0.744491E-02    1352 1272001
   0.816019E-02    1336 1274001
   0.463595E-02    1323 1276001
   0.821201E-02    1321 1278001
   0.743450E-02    1322 1280001
   0.785159E-02    1354 1282001
   0.447456E-02    1313 1284001
   0.584169E-02    1351 1286001
   0.806818E-02    1336 1288001
   0.535686E-02    1332 1290001
   0.855677E-02    1333 1292001
   0.544849E-02    1353 1294001
   0.757508E-02    1336 1296001
   0.805991E-02    1349 1298001
   0.801488E-02    1325 1300001
   0.739881E-02    1294 1302001
   0.741547E-02    1340 1304001
   0.788755E-02    1336 1306001
   0.773409E-02    1322 1308001
   0.711294E-02    1340 1310001
   0.784532E-02    1345 1312001
   0.636066E-02    1319 1314001
   0.790523E-02    1367 1316001
   0.923921E-02    1329 1318001
   0.812903E-02    1340 1320001
   0.807521E-02    1287 1322001
   0.757422E-02    1349 1324001
   0.729983E-02    1330 1326001
   0.787934E-02    1328 1328001
   0.625901E-02    1358 1330001
   0.505446E-02    1352 1332001
   0.863513E-02    1325 1334001
   0.902180E-02    1349 1336001
   0.573807E-02    1329 1338001
   0.763051E-02    1330 1340001
   0.780439E-02    1346 1342001
   0.867272E-02    1311 1344001
   0.741475E-02    1304 1346001
   0.779434E-02    1316 1348001
   0.204967E-02    1360 1350001
   0.757113E-02    1353 1352001
   0.805560E-02    1339 1354001
   0.701446E-02    1353 1356001
   0.870648E-02    1315 1358001
   0.806771E-02    1370 1360001
   0.561854E-02    1316 1362001
   0.597396E-02    1324 1364001
   0.832309E-02    1353 1366001
   0.887529E-02    1348 1368001
   0.832691E-02    1285 1370001
   0.867511E-02    1301 1372001
   0.842308E-02    1331 1374001
   0.777750E-02    1331 1376001
   0.876730E-02    1303 1378001
   0.785785E-02    1312 1380001
   0.766021E-02    1330 1382001
   0.859679E-02    1338 1384001
   0.822834E-02    1346 1386001
   0.747742E-02    1336 1388001
   0.846922E-02    1321 1390001
   0.808289E-02    1315 1392001
   0.787690E-02    1314 1394001
   0.875605E-02    1357 1396001
   0.814250E-02    1342 1398001
   0.832462E-02    1327 1400001
   0.800690E-02    1287 1402001
   0.802844E-02    1321 1404001
   0.794432E-02    1358 1406001
   0.740795E-02    1306 1408001
   0.700331E-02    1336 1410001
   0.667117E-02    1352 1412001
   0.756447E-02    1366 1414001
   0.735614E-02    1377 1416001
   0.469851E-02    1350 1418001
   0.798619E-02    1336 1420001
   0.717477E-02    1358 1422001
   0.789512E-02    1335 1424001
   0.826405E-02    1330 1426001
   0.821468E-02    1343 1428001
   0.804476E-02    1329 1430001
   0.251044E-02    1311 1432001
   0.797634E-02    1334 1434001
   0.799883E-02    1323 1436001
   0.372294E-02    1317 1438001
   0.799318E-02    1377 1440001
   0.786057E-02    1320 1442001
   0.784030E-02    1320 1444001
   0.779805E-02    1339 1446001
   0.867642E-02    1308 1448001
   0.780845E-02    1321 1450001
   0.774319E-02    1318 1452001
   0.809698E-02    1315 1454001
   0.856105E-02    1323 1456001
   0.836871E-02    1344 1458001
   0.318474E-02    1300 1460001
   0.731429E-02    1337 1462001
   0.753850E-02    1365 1464001
   0.713439E-02    1305 1466001
   0.798258E-02    1331 1468001
   0.847393E-02    1325 1470001
   0.730958E-02    1342 1472001
   0.811233E-02    1353 1474001
   0.801929E-02    1334 1476001
   0.811604E-02    1344 1478001
   0.612120E-02    1328 1480001
   0.818931E-02    1293 1482001
   0.477276E-02    1351 1484001
   0.756741E-02    1342 1486001
   0.779137E-02    1353 1488001
   0.810949E-02    1298 1490001
   0.790665E-02    1304 1492001
   0.830181E-02    1366 1494001
   0.561914E-02    1364 1496001
   0.716634E-02    1321 1498001
   0.788584E-02    1317 1500001
   0.715035E-02    1327 1502001
   0.764577E-02    1326 1504001
   0.856810E-02    1341 1506001
   0.790382E-02    1362 1508001
   0.733211E-02    1352 1510001
   0.810984E-02    1352 1512001
   0.832357E-02    1352 1514001
   0.814242E-02    1325 1516001
   0.767781E-02    1336 1518001
   0.521253E-02    1366 1520001
   0.757376E-02    1311 1522001
   0.776136E-02    1363 1524001
   0.721454E-02    1356 1526001
   0.777422E-02    1329 1528001
   0.800252E-02    1350 1530001
   0.789303E-02    1321 1532001
   0.785625E-02    1332 1534001
   0.767984E-02    1333 1536001
   0.841690E-02    1300 1538001
   0.892349E-02    1362 1540001
   0.808944E-02    1369 1542001
   0.842128E-02    1358 1544001
   0.816458E-02    1355 1546001
   0.913734E-02    1367 1548001
   0.736492E-02    1326 1550001
   0.840476E-02    1363 1552001
   0.866547E-02    1326 1554001
   0.797358E-02    1328 1556001
   0.815655E-02    1357 1558001
   0.753475E-02    1350 1560001
   0.703802E-02    1350 1562001
   0.771246E-02    1339 1564001
   0.857937E-02    1345 1566001
   0.904983E-02    1311 1568001
   0.823990E-02    1351 1570001
   0.867261E-02    1343 1572001
   0.853112E-02    1354 1574001
   0.732281E-02    1299 1576001
   0.795677E-02    1298 1578001
   0.610280E-02    1389 1580001
   0.573962E-02    1350 1582001
   0.791330E-02    1341 1584001
   0.793084E-02    1318 1586001
   0.773267E-02    1391 1588001
   0.742540E-02    1340 1590001
   0.784345E-02    1357 1592001
   0.828037E-02    1337 1594001
   0.754486E-02    1331 1596001
   0.841538E-02    1306 1598001
   0.752180E-02    1355 1600001
   0.798048E-02    1334 1602001
   0.827635E-02    1379 1604001
   0.813350E-02    1323 1606001
   0.742249E-02    1349 1608001
   0.741778E-02    1368 1610001
   0.880278E-02    1343 1612001
   0.737002E-02    1313 1614001
   0.751875E-02    1326 1616001
   0.849701E-02    1337 1618001
   0.796678E-02    1361 1620001
   0.850340E-02    1306 1622001
   0.761597E-02    1342 1624001
   0.792709E-02    1309 1626001
   0.798207E-02    1327 1628001
   0.478075E-02    1309 1630001
   0.786421E-02    1341 1632001
   0.762263E-02    1338 1634001
   0.654561E-02    1360 1636001
   0.733980E-02    1328 1638001
   0.798226E-02    1320 1640001
   0.826651E-02    1351 1642001
   0.812742E-02    1334 1644001
   0.807231E-02    1333 1646001
   0.820280E-02    1322 1648001
   0.707532E-02    1337 1650001
   0.824632E-02    1330 1652001
   0.841001E-02    1376 1654001
   0.911664E-02    1348 1656001
   0.497226E-02    1291 1658001
   0.798615E-02    1328 1660001
   0.833571E-02    1317 1662001
   0.762490E-02    1304 1664001
   0.576443E-02    1313 1666001
   0.716351E-02    1314 1668001
   0.806288E-02    1295 1670001
   0.638819E-02    1389 1672001
   0.560955E-02    1323 1674001
   0.755313E-02    1343 1676001
   0.835983E-02    1334 1678001
   0.751197E-02    1324 1680001
   0.847667E-02    1381 1682001
   0.866226E-02    1333 1684001
   0.766461E-02    1341 1686001
   0.874634E-02    1346 1688001
   0.852759E-02    1316 1690001
   0.816770E-02    1341 1692001
   0.709324E-02    1356 1694001
   0.646778E-02    1381 1696001
   0.840452E-02    1342 1698001
   0.796398E-02    1288 1700001
   0.790113E-02    1342 1702001
   0.848258E-02    1343 1704001
   0.735102E-02    1335 1706001
   0.748528E-02    1367 1708001
   0.765048E-02    1325 1710001
   0.804848E-02    1336 1712001
   0.268211E-02    1315 1714001
   0.797337E-02    1350 1716001
   0.891676E-02    1335 1718001
   0.745256E-02    1312 1720001
   0.863641E-02    1325 1722001
   0.785811E-02    1325 1724001
   0.734903E-02    1329 1726001
   0.665253E-02    1322 1728001
   0.845098E-02    1304 1730001
   0.918394E-02    1338 1732001
   0.782190E-02    1297 1734001
   0.735795E-02    1290 1736001
   0.790478E-02    1318 1738001
   0.698976E-02    1356 1740001
   0.720873E-02    1319 1742001
   0.843889E-02    1324 1744001
   0.686813E-02    1342 1746001
   0.792894E-02    1318 1748001
   0.751671E-02    1351 1750001
   0.908278E-02    1352 1752001
   0.809374E-02    1314 1754001
   0.766043E-02    1353 1756001
   0.808312E-02    1336 1758001
   0.739343E-02    1351 1760001
   0.782916E-02    1342 1762001
   0.722426E-02    1367 1764001
   0.851858E-02    1326 1766001
   0.818990E-02    1357 1768001
   0.765056E-02    1323 1770001
   0.610583E-02    1343 1772001
   0.815609E-02    1342 1774001
   0.726714E-02    1347 1776001
   0.767111E-02    1306 1778001
   0.799136E-02    1333 1780001
   0.762667E-02    1333 1782001
   0.481140E-02    1306 1784001
   0.677098E-02    1330 1786001
   0.748365E-02    1306 1788001
   0.801996E-02    1354 1790001
   0.727476E-02    1328 1792001
   0.748422E-02    1333 1794001
   0.820846E-02    1278 1796001
   0.833224E-02    1311 1798001
   0.779921E-02    1281 1800001
   0.814066E-02    1285 1802001
   0.717085E-02    1337 1804001
   0.799689E-02    1336 1806001
   0.752728E-02    1337 1808001
   0.809234E-02    1380 1810001
   0.783234E-02    1326 1812001
   0.788902E-02    1326 1814001
   0.733104E-02    1302 1816001
   0.403036E-02    1332 1818001
   0.747163E-02    1324 1820001
   0.832885E-02    1367 1822001
   0.761938E-02    1358 1824001
   0.813432E-02    1363 1826001
   0.817630E-02    1333 1828001
   0.794718E-02    1318 1830001
   0.709187E-02    1332 1832001
   0.791764E-02    1355 1834001
   0.814513E-02    1331 1836001
   0.838002E-02    1336 1838001
   0.894556E-02    1295 1840001
   0.815471E-02    1311 1842001
   0.796930E-02    1347 1844001
   0.823028E-02    1300 1846001
   0.731027E-02    1341 1848001
   0.745099E-02    1336 1850001
   0.779169E-02    1313 1852001
   0.821762E-02    1329 1854001
   0.776878E-02    1379 1856001
   0.702096E-02    1326 1858001
   0.585034E-02    1341 1860001
   0.442329E-02    1324 1862001
   0.824513E-02    1326 1864001
   0.818561E-02    1326 1866001
   0.735032E-02    1324 1868001
   0.834843E-02    1337 1870001
   0.902540E-02    1333 1872001
   0.566180E-02    1345 1874001
   0.841168E-02    1335 1876001
   0.771931E-02    1348 1878001
   0.845942E-02    1348 1880001
   0.626483E-02    1334 1882001
   0.836402E-02    1308 1884001
   0.755552E-02    1368 1886001
   0.732696E-02    1300 1888001
   0.807399E-02    1345 1890001
   0.809282E-02    1340 1892001
   0.777553E-02    1336 1894001
   0.804003E-02    1321 1896001
   0.901146E-02    1323 1898001
   0.782065E-02    1334 1900001
   0.828362E-02    1347 1902001
   0.813950E-02    1336 1904001
   0.273691E-02    1325 1906001
   0.747120E-02    1322 1908001
   0.776043E-02    1342 1910001
   0.767596E-02    1355 1912001
   0.842351E-02    1324 1914001
   0.749694E-02    1336 1916001
   0.779497E-02    1306 1918001
   0.719045E-02    1346 1920001
   0.794791E-02    1321 1922001
   0.832646E-02    1317 1924001
   0.778673E-02    1339 1926001
   0.858731E-02    1336 1928001
   0.837871E-02    1370 1930001
   0.849809E-02    1345 1932001
   0.777777E-02    1314 1934001
   0.868535E-02    1333 1936001
   0.743939E-02    1302 1938001
   0.812348E-02    1330 1940001
   0.765177E-02    1384 1942001
   0.731954E-02    1351 1944001
   0.785636E-02    1339 1946001
   0.891934E-02    1315 1948001
   0.775933E-02    1334 1950001
   0.793746E-02    1308 1952001
   0.793799E-02    1369 1954001
   0.748182E-02    1300 1956001
   0.846275E-02    1319 1958001
   0.767903E-02    1363 1960001
   0.812551E-02    1349 1962001
   0.810765E-02    1346 1964001
   0.794984E-02    1337 1966001
   0.817439E-02    1325 1968001
   0.825233E-02    1305 1970001
   0.740697E-02    1300 1972001
   0.574497E-02    1294 1974001
   0.833405E-02    1325 1976001
   0.806723E-02    1338 1978001
   0.794384E-02    1324 1980001
   0.839169E-02    1364 1982001
   0.948070E-02    1325 1984001
   0.764651E-02    1360 1986001
   0.880860E-02    1353 1988001
   0.348350E-02    1353 1990001
   0.810409E-02    1310 1992001
   0.791668E-02    1356 1994001
   0.718998E-02    1328 1996001
   0.772244E-02    1383 1998001
   0.844533E-02    1338 2000001
   0.829352E-02    1341 2002001
   0.902138E-02    1372 2004001
   0.383051E-02    1286 2006001
   0.743085E-02    1321 2008001
   0.793673E-02    1360 2010001
   0.746354E-02    1348 2012001
   0.772402E-02    1359 2014001
   0.749696E-02    1271 2016001
   0.776205E-02    1321 2018001
   0.795215E-02    1354 2020001
   0.794251E-02    1344 2022001
   0.826287E-02    1329 2024001
   0.679934E-02    1351 2026001
   0.531672E-02    1354 2028001
   0.824409E-02    1320 2030001
   0.803247E-02    1334 2032001
   0.841147E-02    1329 2034001
   0.840297E-02    1285 2036001
   0.839498E-02    1297 2038001
   0.768866E-02    1365 2040001
   0.761818E-02    1348 2042001
   0.794177E-02    1334 2044001
   0.788226E-02    1343 2046001
   0.830993E-02    1328 2048001
   0.759616E-02    1320 2050001
   0.252803E-02    1295 2052001
   0.715288E-02    1318 2054001
   0.850488E-02    1312 2056001
   0.742145E-02    1328 2058001
   0.824224E-02    1354 2060001
   0.777660E-02    1343 2062001
   0.754403E-02    1312 2064001
   0.826301E-02    1378 2066001
   0.922412E-02    1308 2068001
   0.847359E-02    1342 2070001
   0.733014E-02    1369 2072001
   0.767921E-02    1327 2074001
   0.880247E-02    1318 2076001
   0.807039E-02    1286 2078001
   0.797592E-02    1348 2080001
   0.800742E-02    1327 2082001
   0.735460E-02    1353 2084001
   0.822873E-02    1299 2086001
   0.855683E-02    1311 2088001
   0.807389E-02    1313 2090001
   0.867179E-02    1334 2092001
   0.846836E-02    1336 2094001
   0.755233E-02    1387 2096001
   0.910984E-02    1319 2098001
   0.772964E-02    1292 2100001
   0.735545E-02    1358 2102001
   0.799984E-02    1363 2104001
   0.842036E-02    1346 2106001
   0.784949E-02    1325 2108001
   0.845300E-02    1329 2110001
   0.838269E-02    1331 2112001
   0.400975E-02    1382 2114001
   0.877679E-02    1328 2116001
   0.799313E-02    1361 2118001
   0.794318E-02    1312 2120001
   0.750741E-02    1362 2122001
   0.316780E-02    1327 2124001
   0.820123E-02    1348 2126001
   0.789172E-02    1320 2128001
   0.766982E-02    1305 2130001
   0.794883E-02    1325 2132001
   0.666301E-02    1343 2134001
   0.781013E-02    1335 2136001
   0.737795E-02    1342 2138001
   0.510255E-02    1339 2140001
   0.832897E-02    1349 2142001
   0.831040E-02    1345 2144001
   0.824007E-02    1307 2146001
   0.704164E-02    1300 2148001
   0.674260E-02    1334 2150001
   0.478268E-02    1331 2152001
   0.685399E-02    1334 2154001
   0.870572E-02    1328 2156001
   0.766376E-02    1355 2158001
   0.823948E-02    1350 2160001
   0.757415E-02    1351 2162001
   0.806463E-02    1316 2164001
   0.739164E-02    1342 2166001
   0.756467E-02    1347 2168001
   0.697968E-02    1335 2170001
   0.827079E-02    1317 2172001
   0.814510E-02    1361 2174001
   0.787185E-02    1316 2176001
   0.688682E-02    1304 2178001
   0.297769E-02    1349 2180001
   0.768805E-02    1308 2182001
   0.774536E-02    1334 2184001
   0.728155E-02    1348 2186001
   0.340883E-02    1363 2188001
   0.822261E-02    1355 2190001
   0.775438E-02    1327 2192001
   0.788935E-02    1336 2194001
   0.823680E-02    1313 2196001
   0.744435E-02    1351 2198001
   0.805416E-02    1331 2200001
   0.770679E-02    1345 2202001
   0.695517E-02    1334 2204001
   0.835700E-02    1294 2206001
   0.771576E-02    1316 2208001
   0.788908E-02    1335 2210001
   0.848433E-02    1321 2212001
   0.718580E-02    1333 2214001
   0.836501E-02    1330 2216001
   0.814122E-02    1354 2218001
   0.755947E-02    1333 2220001
   0.632170E-02    1321 2222001
   0.814124E-02    1378 2224001
   0.511432E-02    1336 2226001
   0.760373E-02    1325 2228001
   0.820746E-02    1354 2230001
   0.730601E-02    1337 2232001
   0.805873E-02    1381 2234001
   0.843777E-02    1344 2236001
   0.787858E-02    1357 2238001
   0.750989E-02    1328 2240001
   0.796641E-02    1319 2242001
   0.886133E-02    1345 2244001
   0.680366E-02    1326 2246001
   0.681926E-02    1334 2248001
   0.780980E-02    1352 2250001
   0.843353E-02    1352 2252001
   0.794703E-02    1309 2254001
   0.770038E-02    1348 2256001
   0.789856E-02    1364 2258001
   0.806697E-02    1328 2260001
   0.736857E-02    1312 2262001
   0.753940E-02    1344 2264001
   0.883007E-02    1338 2266001
   0.815736E-02    1331 2268001
   0.691320E-02    1369 2270001
   0.787951E-02    1330 2272001
   0.789944E-02    1331 2274001
   0.772281E-02    1324 2276001
   0.884304E-02    1320 2278001
   0.774458E-02    1348 2280001
   0.786333E-02    1342 2282001
   0.814135E-02    1345 2284001
   0.795102E-02    1353 2286001
   0.649172E-02    1328 2288001
   0.759677E-02    1330 2290001
   0.744343E-02    1318 2292001
   0.775358E-02    1310 2294001
   0.808422E-02    1308 2296001
   0.799813E-02    1309 2298001
   0.843199E-02    1337 2300001
   0.643396E-02    1356 2302001
   0.828252E-02    1340 2304001
   0.765849E-02    1352 2306001
   0.732517E-02    1315 2308001
   0.575090E-02    1343 2310001
   0.843457E-02    1312 2312001
   0.872129E-02    1333 2314001
   0.819570E-02    1310 2316001
   0.819924E-02    1363 2318001
   0.788300E-02    1318 2320001
   0.775551E-02    1342 2322001
   0.670783E-02    1328 2324001
   0.763989E-02    1319 2326001
   0.785388E-02    1363 2328001
   0.798073E-02    1348 2330001
   0.373735E-02    1310 2332001
   0.842942E-02    1344 2334001
   0.866593E-02    1304 2336001
   0.789664E-02    1373 2338001
   0.822300E-02    1319 2340001
   0.727471E-02    1338 2342001
   0.780264E-02    1350 2344001
   0.858066E-02    1350 2346001
   0.792704E-02    1334 2348001
   0.823955E-02    1412 2350001
   0.757276E-02    1373 2352001
   0.757035E-02    1341 2354001
   0.745958E-02    1325 2356001
   0.800434E-02    1370 2358001
   0.775600E-02    1346 2360001
   0.694597E-02    1349 2362001
   0.748426E-02    1366 2364001
   0.464870E-02    1333 2366001
   0.810761E-02    1313 2368001
   0.935190E-02    1332 2370001
   0.739217E-02    1342 2372001
   0.905004E-02    1323 2374001
   0.742009E-02    1355 2376001
   0.513324E-02    1344 2378001
   0.835351E-02    1317 2380001
   0.733964E-02    1345 2382001
   0.811192E-02    1334 2384001
   0.774553E-02    1340 2386001
   0.688322E-02    1306 2388001
   0.797283E-02    1342 2390001
   0.767602E-02    1322 2392001
   0.692227E-02    1328 2394001
   0.803351E-02    1338 2396001
   0.810242E-02    1345 2398001
   0.771635E-02    1370 2400001
   0.881692E-02    1355 2402001
   0.809045E-02    1320 2404001
   0.867191E-02    1315 2406001
   0.849137E-02    1302 2408001
   0.285582E-02    1328 2410001
   0.823180E-02    1314 2412001
   0.761362E-02    1314 2414001
   0.746490E-02    1365 2416001
   0.692895E-02    1279 2418001
   0.548150E-02    1323 2420001
   0.735011E-02    1357 2422001
   0.803240E-02    1314 2424001
   0.650359E-02    1317 2426001
   0.712123E-02    1333 2428001
   0.695273E-02    1309 2430001
   0.832967E-02    1334 2432001
   0.787464E-02    1354 2434001
   0.851079E-02    1336 2436001
   0.744191E-02    1355 2438001
   0.713867E-02    1334 2440001
   0.776092E-02    1335 2442001
   0.743357E-02    1360 2444001
   0.239050E-02    1370 2446001
   0.830316E-02    1358 2448001
   0.802456E-02    1340 2450001
   0.846775E-02    1338 2452001
   0.658527E-02    1335 2454001
   0.824694E-02    1323 2456001
   0.807602E-02    1305 2458001
   0.749064E-02    1354 2460001
   0.652583E-02    1325 2462001
   0.366216E-02    1338 2464001
   0.805822E-02    1338 2466001
   0.878507E-02    1327 2468001
   0.828530E-02    1323 2470001
   0.673954E-02    1355 2472001
   0.817480E-02    1339 2474001
   0.810172E-02    1333 2476001
   0.809656E-02    1318 2478001
   0.783518E-02    1389 2480001
   0.777845E-02    1351 2482001
   0.670557E-02    1344 2484001
   0.661572E-02    1312 2486001
   0.734733E-02    1365 2488001
   0.748931E-02    1319 2490001
   0.775739E-02    1349 2492001
   0.804362E-02    1354 2494001
   0.805229E-02    1325 2496001
   0.798467E-02    1341 2498001
   0.835773E-02    1353 2500001
   0.702170E-02    1295 2502001
   0.768200E-02    1360 2504001
   0.782691E-02    1312 2506001
   0.787571E-02    1307 2508001
   0.728199E-02    1304 2510001
   0.703934E-02    1324 2512001
   0.801059E-02    1323 2514001
   0.867139E-02    1382 2516001
   0.785319E-02    1314 2518001
   0.874621E-02    1352 2520001
   0.775427E-02    1336 2522001
   0.823830E-02    1311 2524001
   0.799895E-02    1332 2526001
   0.853146E-02    1313 2528001
   0.821103E-02    1329 2530001
   0.756377E-02    1346 2532001
   0.754925E-02    1344 2534001
   0.919503E-02    1307 2536001
   0.791354E-02    1313 2538001
   0.801946E-02    1366 2540001
   0.847870E-02    1344 2542001
   0.786435E-02    1349 2544001
   0.794304E-02    1343 2546001
   0.837836E-02    1339 2548001
   0.720811E-02    1384 2550001
   0.743406E-02    1328 2552001
   0.802005E-02    1361 2554001
   0.800511E-02    1364 2556001
   0.810345E-02    1372 2558001
   0.766448E-02    1345 2560001
   0.759330E-02    1332 2562001
   0.830368E-02    1306 2564001
   0.754269E-02    1292 2566001
   0.815536E-02    1355 2568001
   0.796861E-02    1327 2570001
   0.830962E-02    1324 2572001
   0.831854E-02    1333 2574001
   0.747205E-02    1294 2576001
   0.771648E-02    1320 2578001
   0.760299E-02    1331 2580001
   0.870911E-02    1332 2582001
   0.819797E-02    1321 2584001
   0.752177E-02    1324 2586001
   0.858775E-02    1324 2588001
   0.821436E-02    1355 2590001
   0.789179E-02    1353 2592001
   0.752545E-02    1316 2594001
   0.713288E-02    1339 2596001
   0.820676E-02    1323 2598001
   0.805110E-02    1351 2600001
   0.831238E-02    1322 2602001
   0.892427E-02    1343 2604001
   0.867290E-02    1356 2606001
   0.863221E-02    1358 2608001
   0.795336E-02    1320 2610001
   0.769864E-02    1364 2612001
   0.817932E-02    1370 2614001
   0.561571E-02    1322 2616001
   0.831932E-02    1341 2618001
   0.814465E-02    1322 2620001
   0.776579E-02    1357 2622001
   0.798024E-02    1319 2624001
   0.879244E-02    1327 2626001
   0.873730E-02    1343 2628001
   0.789309E-02    1331 2630001
   0.400315E-02    1384 2632001
   0.759529E-02    1328 2634001
   0.890263E-02    1318 2636001
   0.817937E-02    1339 2638001
   0.775551E-02    1342 2640001
   0.806712E-02    1339 2642001
   0.397978E-02    1299 2644001
   0.692686E-02    1365 2646001
   0.778135E-02    1353 2648001
   0.746800E-02    1341 2650001
   0.761352E-02    1309 2652001
   0.813339E-02    1320 2654001
   0.750001E-02    1360 2656001
   0.712369E-02    1340 2658001
   0.817642E-02    1345 2660001
   0.807748E-02    1345 2662001
   0.831692E-02    1334 2664001
   0.721896E-02    1327 2666001
   0.456321E-02    1324 2668001
   0.728847E-02    1320 2670001
   0.810111E-02    1315 2672001
   0.860360E-02    1352 2674001
   0.735892E-02    1322 2676001
   0.800729E-02    1349 2678001
   0.658406E-02    1329 2680001
   0.798839E-02    1368 2682001
   0.736980E-02    1305 2684001
   0.775986E-02    1334 2686001
   0.758099E-02    1357 2688001
   0.783026E-02    1354 2690001
   0.833106E-02    1307 2692001
   0.853548E-02    1357 2694001
   0.811570E-02    1339 2696001
   0.809410E-02    1356 2698001
   0.775636E-02    1347 2700001
   0.866632E-02    1307 2702001
   0.779685E-02    1363 2704001
   0.768027E-02    1346 2706001
   0.714710E-02    1320 2708001
   0.504481E-02    1320 2710001
   0.446283E-02    1358 2712001
   0.447888E-02    1353 2714001
   0.840146E-02    1339 2716001
   0.756642E-02    1278 2718001
   0.933295E-02    1347 2720001
   0.804880E-02    1335 2722001
   0.825777E-02    1310 2724001
   0.629808E-02    1343 2726001
   0.923520E-02    1316 2728001
   0.515704E-02    1341 2730001
   0.503306E-02    1372 2732001
   0.815018E-02    1326 2734001
   0.763733E-02    1324 2736001
   0.819986E-02    1318 2738001
   0.752725E-02    1341 2740001
   0.720158E-02    1324 2742001
   0.816442E-02    1312 2744001
   0.883111E-02    1324 2746001
   0.746955E-02    1343 2748001
   0.439957E-02    1367 2750001
   0.412667E-02    1349 2752001
   0.794019E-02    1350 2754001
   0.839970E-02    1361 2756001
   0.795117E-02    1334 2758001
   0.712290E-02    1313 2760001
   0.789215E-02    1357 2762001
   0.782054E-02    1334 2764001
   0.774095E-02    1332 2766001
   0.775665E-02    1355 2768001
   0.787844E-02    1329 2770001
   0.764039E-02    1345 2772001
   0.841108E-02    1365 2774001
   0.767231E-02    1300 2776001
   0.759819E-02    1293 2778001
   0.811795E-02    1338 2780001
   0.867384E-02    1312 2782001
   0.825037E-02    1346 2784001
   0.794239E-02    1348 2786001
   0.798363E-02    1353 2788001
   0.818560E-02    1282 2790001
   0.725143E-02    1334 2792001
   0.771249E-02    1341 2794001
   0.817468E-02    1353 2796001
   0.778048E-02    1333 2798001
   0.775503E-02    1347 2800001
   0.757574E-02    1322 2802001
   0.837401E-02    1324 2804001
   0.825255E-02    1335 2806001
   0.814679E-02    1348 2808001
   0.599466E-02    1297 2810001
   0.817235E-02    1334 2812001
   0.757872E-02    1307 2814001
   0.799277E-02    1312 2816001
   0.523229E-02    1352 2818001
   0.823990E-02    1327 2820001
   0.808811E-02    1297 2822001
   0.775925E-02    1319 2824001
   0.590242E-02    1337 2826001
   0.778987E-02    1305 2828001
   0.838080E-02    1324 2830001
   0.714610E-02    1329 2832001
   0.825406E-02    1326 2834001
   0.806134E-02    1325 2836001
   0.781633E-02    1372 2838001
   0.742218E-02    1334 2840001
   0.767611E-02    1319 2842001
   0.805703E-02    1322 2844001
   0.727559E-02    1365 2846001
   0.869295E-02    1298 2848001
   0.841180E-02    1322 2850001
   0.800582E-02    1350 2852001
   0.795181E-02    1341 2854001
   0.806655E-02    1355 2856001
   0.814547E-02    1329 2858001
   0.796128E-02    1355 2860001
   0.775400E-02    1312 2862001
   0.795175E-02    1355 2864001
   0.721573E-02    1313 2866001
   0.767878E-02    1333 2868001
   0.694880E-02    1336 2870001
   0.853353E-02    1320 2872001
   0.812959E-02    1321 2874001
   0.789162E-02    1329 2876001
   0.368437E-02    1341 2878001
   0.613675E-02    1358 2880001
   0.859459E-02    1356 2882001
   0.721314E-02    1349 2884001
   0.747166E-02    1328 2886001
   0.758271E-02    1332 2888001
   0.760311E-02    1322 2890001
   0.806959E-02    1343 2892001
   0.800715E-02    1347 2894001
   0.799098E-02    1338 2896001
   0.804920E-02    1297 2898001
   0.822434E-02    1362 2900001
   0.390890E-02    1317 2902001
   0.771196E-02    1337 2904001
   0.779685E-02    1328 2906001
   0.770662E-02    1323 2908001
   0.796323E-02    1369 2910001
   0.758542E-02    1281 2912001
   0.887894E-02    1341 2914001
   0.790535E-02    1362 2916001
   0.837685E-02    1333 2918001
   0.249691E-02    1325 2920001
   0.845863E-02    1344 2922001
   0.668471E-02    1330 2924001
   0.765434E-02    1293 2926001
   0.774232E-02    1298 2928001
   0.836236E-02    1308 2930001
   0.725831E-02    1322 2932001
   0.909223E-02    1310 2934001
   0.359880E-02    1316 2936001
   0.915201E-02    1334 2938001
   0.836201E-02    1330 2940001
   0.791136E-02    1367 2942001
   0.816571E-02    1353 2944001
   0.755885E-02    1346 2946001
   0.780448E-02    1352 2948001
   0.796451E-02    1335 2950001
   0.828019E-02    1346 2952001
   0.736839E-02    1306 2954001
   0.217631E-02    1324 2956001
   0.784535E-02    1369 2958001
   0.844174E-02    1337 2960001
   0.729294E-02    1335 2962001
   0.784408E-02    1333 2964001
   0.775953E-02    1349 2966001
   0.730850E-02    1333 2968001
   0.834833E-02    1383 2970001
   0.752394E-02    1307 2972001
   0.549093E-02    1315 2974001
   0.701864E-02    1336 2976001
   0.759720E-02    1314 2978001
   0.340041E-02    1343 2980001
   0.807812E-02    1310 2982001
   0.336120E-02    1357 2984001
   0.772859E-02    1299 2986001
   0.813139E-02    1305 2988001
   0.917418E-02    1351 2990001
   0.728884E-02    1336 2992001
   0.812006E-02    1294 2994001
   0.570857E-02    1354 2996001
   0.629829E-02    1347 2998001
   0.885458E-02    1385 3000001
   0.805016E-02    1318 3002001
   0.827940E-02    1344 3004001
   0.809396E-02    1352 3006001
   0.728544E-02    1364 3008001
   0.439122E-02    1337 3010001
   0.835737E-02    1332 3012001
   0.563721E-02    1340 3014001
   0.861582E-02    1342 3016001
   0.861789E-02    1332 3018001
   0.845786E-02    1346 3020001
   0.731674E-02    1346 3022001
   0.861354E-02    1340 3024001
   0.761527E-02    1332 3026001
   0.421004E-02    1318 3028001
   0.761276E-02    1379 3030001
   0.838556E-02    1320 3032001
   0.832452E-02    1341 3034001
   0.778999E-02    1343 3036001
   0.800910E-02    1355 3038001
   0.772397E-02    1323 3040001
   0.755779E-02    1313 3042001
   0.771790E-02    1330 3044001
   0.817786E-02    1320 3046001
   0.752089E-02    1326 3048001
   0.791781E-02    1386 3050001
   0.787245E-02    1334 3052001
   0.851305E-02    1335 3054001
   0.724865E-02    1320 3056001
   0.677451E-02    1307 3058001
   0.780750E-02    1307 3060001
   0.713087E-02    1300 3062001
   0.799204E-02    1346 3064001
   0.499437E-02    1347 3066001
   0.765902E-02    1303 3068001
   0.751287E-02    1306 3070001
   0.907403E-02    1310 3072001
   0.816628E-02    1340 3074001
   0.819045E-02    1352 3076001
   0.730778E-02    1318 3078001
   0.528135E-02    1333 3080001
   0.748950E-02    1307 3082001
   0.834288E-02    1341 3084001
   0.883022E-02    1336 3086001
   0.751675E-02    1352 3088001
   0.846083E-02    1316 3090001
   0.675781E-02    1298 3092001
   0.844436E-02    1299 3094001
   0.764722E-02    1335 3096001
   0.795427E-02    1323 3098001
   0.889433E-02    1325 3100001
   0.809323E-02    1341 3102001
   0.408298E-02    1274 3104001
   0.783390E-02    1322 3106001
   0.721052E-02    1331 3108001
   0.813688E-02    1341 3110001
   0.827683E-02    1329 3112001
   0.719289E-02    1324 3114001
   0.769368E-02    1320 3116001
   0.890515E-02    1372 3118001
   0.723048E-02    1326 3120001
   0.748627E-02    1351 3122001
   0.868751E-02    1311 3124001
   0.766098E-02    1337 3126001
   0.739435E-02    1325 3128001
   0.831562E-02    1359 3130001
   0.168159E-02    1332 3132001
   0.800819E-02    1369 3134001
   0.831841E-02    1307 3136001
   0.858281E-02    1348 3138001
   0.720632E-02    1383 3140001
   0.758915E-02    1306 3142001
   0.588923E-02    1353 3144001
   0.746410E-02    1313 3146001
   0.779691E-02    1349 3148001
   0.826155E-02    1312 3150001
   0.786577E-02    1313 3152001
   0.856808E-02    1319 3154001
   0.682765E-02    1319 3156001
   0.799514E-02    1343 3158001
   0.818407E-02    1285 3160001
   0.744662E-02    1339 3162001
   0.878077E-02    1347 3164001
   0.731097E-02    1317 3166001
   0.749019E-02    1341 3168001
   0.505209E-02    1325 3170001
   0.729794E-02    1310 3172001
   0.790216E-02    1313 3174001
   0.825984E-02    1309 3176001
   0.713773E-02    1340 3178001
   0.751496E-02    1331 3180001
   0.519275E-02    1340 3182001
   0.734287E-02    1323 3184001
   0.815742E-02    1357 3186001
   0.805772E-02    1340 3188001
   0.786372E-02    1322 3190001
   0.797741E-02    1352 3192001
   0.807307E-02    1348 3194001
   0.822204E-02    1351 3196001
   0.496103E-02    1359 3198001
   0.735732E-02    1339 3200001
   0.814537E-02    1354 3202001
   0.793703E-02    1346 3204001
   0.323425E-02    1332 3206001
   0.776063E-02    1334 3208001
   0.811645E-02    1375 3210001
   0.849268E-02    1361 3212001
   0.766185E-02    1361 3214001
   0.871046E-02    1323 3216001
   0.789310E-02    1328 3218001
   0.784667E-02    1354 3220001
   0.699778E-02    1320 3222001
   0.658503E-02    1349 3224001
   0.820358E-02    1370 3226001
   0.809683E-02    1340 3228001
   0.786434E-02    1343 3230001
   0.810004E-02    1307 3232001
   0.820700E-02    1335 3234001
   0.750470E-02    1326 3236001
   0.746521E-02    1339 3238001
   0.837131E-02    1320 3240001
   0.823604E-02    1318 3242001
   0.794689E-02    1369 3244001
   0.762210E-02    1329 3246001
   0.750010E-02    1300 3248001
   0.726746E-02    1332 3250001
   0.782049E-02    1330 3252001
   0.547522E-02    1323 3254001
   0.645175E-02    1311 3256001
   0.822023E-02    1360 3258001
   0.727116E-02    1307 3260001
   0.693194E-02    1304 3262001
   0.772210E-02    1370 3264001
   0.867946E-02    1328 3266001
   0.820880E-02    1329 3268001
   0.826871E-02    1336 3270001
   0.820045E-02    1349 3272001
   0.223178E-02    1323 3274001
   0.485976E-02    1360 3276001
   0.757848E-02    1356 3278001
   0.774846E-02    1292 3280001
   0.755560E-02    1357 3282001
   0.808656E-02    1328 3284001
   0.730491E-02    1332 3286001
   0.752971E-02    1349 3288001
   0.833163E-02    1353 3290001
   0.170728E-02    1316 3292001
   0.764975E-02    1334 3294001
   0.742267E-02    1317 3296001
   0.840619E-02    1346 3298001
   0.790232E-02    1344 3300001
   0.819918E-02    1304 3302001
   0.793256E-02    1366 3304001
   0.809518E-02    1305 3306001
   0.834607E-02    1302 3308001
   0.755092E-02    1363 3310001
   0.542421E-02    1310 3312001
   0.735498E-02    1336 3314001
   0.787048E-02    1349 3316001
   0.764211E-02    1341 3318001
   0.830697E-02    1359 3320001
   0.739968E-02    1314 3322001
   0.818845E-02    1361 3324001
   0.779331E-02    1319 3326001
   0.723899E-02    1290 3328001
   0.791197E-02    1326 3330001
   0.752167E-02    1353 3332001
   0.770018E-02    1308 3334001
   0.706558E-02    1298 3336001
   0.865396E-02    1333 3338001
   0.739919E-02    1328 3340001
   0.820581E-02    1315 3342001
   0.759396E-02    1339 3344001
   0.454387E-02    1384 3346001
   0.835512E-02    1343 3348001
   0.852332E-02    1370 3350001
   0.838187E-02    1309 3352001
   0.345707E-02    1336 3354001
   0.779394E-02    1349 3356001
   0.824183E-02    1317 3358001
   0.898155E-02    1302 3360001
   0.793379E-02    1320 3362001
   0.831028E-02    1322 3364001
   0.791297E-02    1350 3366001
   0.830230E-02    1314 3368001
   0.893527E-02    1301 3370001
   0.812576E-02    1326 3372001
   0.804798E-02    1354 3374001
   0.769518E-02    1318 3376001
   0.740042E-02    1331 3378001
   0.731477E-02    1324 3380001
   0.813771E-02    1312 3382001
   0.785232E-02    1331 3384001
   0.782323E-02    1352 3386001
   0.790202E-02    1338 3388001
   0.830717E-02    1359 3390001
   0.507542E-02    1351 3392001
   0.725956E-02    1312 3394001
   0.151806E-02    1333 3396001
   0.818594E-02    1345 3398001
   0.796411E-02    1351 3400001
   0.742385E-02    1352 3402001
   0.829245E-02    1329 3404001
   0.716451E-02    1322 3406001
   0.761323E-02    1364 3408001
   0.797354E-02    1357 3410001
   0.839300E-02    1355 3412001
   0.808688E-02    1349 3414001
   0.728669E-02    1341 3416001
   0.790894E-02    1338 3418001
   0.806629E-02    1326 3420001
   0.770070E-02    1329 3422001
   0.721280E-02    1324 3424001
   0.861283E-02    1357 3426001
   0.867654E-02    1333 3428001
   0.780219E-02    1371 3430001
   0.859373E-02    1351 3432001
   0.765736E-02    1282 3434001
   0.781506E-02    1339 3436001
   0.803171E-02    1302 3438001
   0.741037E-02    1352 3440001
   0.892216E-02    1354 3442001
   0.856958E-02    1332 3444001
   0.838832E-02    1330 3446001
   0.774265E-02    1308 3448001
   0.823052E-02    1323 3450001
   0.408510E-02    1320 3452001
   0.722717E-02    1333 3454001
   0.764269E-02    1302 3456001
   0.693324E-02    1306 3458001
   0.785661E-02    1357 3460001
   0.811254E-02    1357 3462001
   0.753917E-02    1330 3464001
   0.747793E-02    1335 3466001
   0.830616E-02    1360 3468001
   0.795561E-02    1339 3470001
   0.805359E-02    1357 3472001
   0.809345E-02    1360 3474001
   0.799213E-02    1341 3476001
   0.741420E-02    1325 3478001
   0.807799E-02    1354 3480001
   0.809904E-02    1293 3482001
   0.792096E-02    1352 3484001
   0.804541E-02    1345 3486001
   0.754567E-02    1300 3488001
   0.734377E-02    1297 3490001
   0.453817E-02    1377 3492001
   0.743540E-02    1302 3494001
   0.801904E-02    1341 3496001
   0.736735E-02    1340 3498001
   0.785240E-02    1356 3500001
   0.824008E-02    1340 3502001
   0.755142E-02    1346 3504001
   0.852057E-02    1366 3506001
   0.555379E-02    1324 3508001
   0.850064E-02    1379 3510001
   0.760867E-02    1337 3512001
   0.801243E-02    1313 3514001
   0.816253E-02    1327 3516001
   0.807298E-02    1310 3518001
   0.812684E-02    1328 3520001
   0.842257E-02    1350 3522001
   0.764588E-02    1303 3524001
   0.747603E-02    1366 3526001
   0.794014E-02    1341 3528001
   0.761585E-02    1356 3530001
   0.740094E-02    1335 3532001
   0.841117E-02    1336 3534001
   0.735789E-02    1322 3536001
   0.832675E-02    1309 3538001
   0.738423E-02    1355 3540001
   0.843222E-02    1334 3542001
   0.875088E-02    1311 3544001
   0.753687E-02    1298 3546001
   0.797983E-02    1335 3548001
   0.686065E-02    1349 3550001
   0.745289E-02    1313 3552001
   0.795582E-02    1334 3554001
   0.737180E-02    1369 3556001
   0.875959E-02    1344 3558001
   0.711364E-02    1341 3560001
   0.821719E-02    1361 3562001
   0.782463E-02    1388 3564001
   0.754636E-02    1366 3566001
   0.801699E-02    1360 3568001
   0.784340E-02    1331 3570001
   0.721359E-02    1334 3572001
   0.770124E-02    1349 3574001
   0.764816E-02    1344 3576001
   0.720314E-02    1318 3578001
   0.815647E-02    1316 3580001
   0.758086E-02    1300 3582001
   0.770071E-02    1328 3584001
   0.752614E-02    1310 3586001
   0.843942E-02    1317 3588001
   0.764856E-02    1347 3590001
   0.859734E-02    1346 3592001
   0.693068E-02    1370 3594001
   0.781291E-02    1360 3596001
   0.785878E-02    1320 3598001
   0.772990E-02    1301 3600001
   0.814987E-02    1314 3602001
   0.822175E-02    1305 3604001
   0.786472E-02    1314 3606001
   0.817098E-02    1325 3608001
   0.234356E-02    1363 3610001
   0.858870E-02    1323 3612001
   0.770182E-02    1348 3614001
   0.776485E-02    1310 3616001
   0.775219E-02    1350 3618001
   0.740687E-02    1339 3620001
   0.822528E-02    1330 3622001
   0.836631E-02    1313 3624001
   0.863178E-02    1324 3626001
   0.802985E-02    1360 3628001
   0.697517E-02    1356 3630001
   0.543165E-02    1340 3632001
   0.785920E-02    1318 3634001
   0.829744E-02    1329 3636001
   0.697410E-02    1300 3638001
   0.637834E-02    1328 3640001
   0.815428E-02    1320 3642001
   0.726954E-02    1321 3644001
   0.754688E-02    1339 3646001
   0.796401E-02    1347 3648001
   0.833874E-02    1325 3650001
   0.807693E-02    1322 3652001
   0.840543E-02    1368 3654001
   0.730586E-02    1337 3656001
   0.697234E-02    1324 3658001
   0.838613E-02    1354 3660001
   0.736293E-02    1364 3662001
   0.791797E-02    1344 3664001
   0.790412E-02    1350 3666001
   0.750198E-02    1357 3668001
   0.827085E-02    1371 3670001
   0.866796E-02    1350 3672001
   0.776233E-02    1323 3674001
   0.387490E-02    1320 3676001
   0.706640E-02    1323 3678001
   0.788075E-02    1322 3680001
   0.793455E-02    1358 3682001
   0.759475E-02    1345 3684001
   0.694992E-02    1356 3686001
   0.314739E-02    1352 3688001
   0.845131E-02    1292 3690001
   0.769387E-02    1349 3692001
   0.728444E-02    1343 3694001
   0.687442E-02    1349 3696001
   0.703116E-02    1337 3698001
   0.726532E-02    1348 3700001
   0.750670E-02    1350 3702001
   0.315595E-02    1310 3704001
   0.707818E-02    1313 3706001
   0.835348E-02    1320 3708001
   0.821561E-02    1333 3710001
   0.765277E-02    1343 3712001
   0.850707E-02    1346 3714001
   0.727115E-02    1362 3716001
   0.735466E-02    1335 3718001
   0.809733E-02    1358 3720001
   0.768727E-02    1330 3722001
   0.713538E-02    1288 3724001
   0.771894E-02    1338 3726001
   0.785070E-02    1300 3728001
   0.887095E-02    1349 3730001
   0.390550E-02    1409 3732001
   0.750108E-02    1320 3734001
   0.782417E-02    1341 3736001
   0.303234E-02    1325 3738001
   0.716360E-02    1326 3740001
   0.865083E-02    1341 3742001
   0.181355E-02    1323 3744001
   0.746659E-02    1367 3746001
   0.590485E-02    1314 3748001
   0.856558E-02    1314 3750001
   0.769478E-02    1287 3752001
   0.744207E-02    1343 3754001
   0.737914E-02    1354 3756001
   0.367733E-02    1343 3758001
   0.679514E-02    1326 3760001
   0.705360E-02    1318 3762001
   0.834679E-02    1353 3764001
   0.807751E-02    1333 3766001
   0.822742E-02    1329 3768001
   0.670760E-02    1327 3770001
   0.752308E-02    1325 3772001
   0.794849E-02    1366 3774001
   0.371514E-02    1366 3776001
   0.592282E-02    1342 3778001
   0.840146E-02    1376 3780001
   0.422477E-02    1370 3782001
   0.836740E-02    1297 3784001
   0.300369E-02    1305 3786001
   0.881401E-02    1354 3788001
   0.729016E-02    1331 3790001
   0.801414E-02    1340 3792001
   0.425386E-02    1331 3794001
   0.768481E-02    1326 3796001
   0.827680E-02    1303 3798001
   0.784963E-02    1357 3800001
   0.846708E-02    1305 3802001
   0.790556E-02    1308 3804001
   0.785743E-02    1358 3806001
   0.835858E-02    1303 3808001
   0.796448E-02    1331 3810001
   0.840268E-02    1341 3812001
   0.584967E-02    1373 3814001
   0.909380E-02    1334 3816001
   0.745719E-02    1303 3818001
   0.751689E-02    1329 3820001
   0.676652E-02    1349 3822001
   0.378366E-02    1345 3824001
   0.779380E-02    1336 3826001
   0.758441E-02    1338 3828001
   0.358089E-02    1343 3830001
   0.822323E-02    1350 3832001
   0.861738E-02    1360 3834001
   0.756260E-02    1370 3836001
   0.744629E-02    1298 3838001
   0.686667E-02    1357 3840001
   0.850314E-02    1325 3842001
   0.861717E-02    1321 3844001
   0.799790E-02    1350 3846001
   0.821429E-02    1333 3848001
   0.431071E-02    1327 3850001
   0.535431E-02    1320 3852001
   0.723963E-02    1354 3854001
   0.809829E-02    1295 3856001
   0.741077E-02    1325 3858001
   0.825202E-02    1315 3860001
   0.696346E-02    1305 3862001
   0.824542E-02    1363 3864001
   0.799218E-02    1346 3866001
   0.833543E-02    1352 3868001
   0.331254E-02    1337 3870001
   0.803203E-02    1322 3872001
   0.846855E-02    1322 3874001
   0.846205E-02    1345 3876001
   0.817108E-02    1352 3878001
   0.736594E-02    1310 3880001
   0.802202E-02    1387 3882001
   0.793751E-02    1343 3884001
   0.805043E-02    1327 3886001
   0.836951E-02    1316 3888001
   0.831998E-02    1322 3890001
   0.708932E-02    1344 3892001
   0.801578E-02    1359 3894001
   0.768604E-02    1372 3896001
   0.736891E-02    1348 3898001
   0.742164E-02    1326 3900001
   0.859267E-02    1328 3902001
   0.840691E-02    1322 3904001
   0.763659E-02    1334 3906001
   0.818703E-02    1272 3908001
   0.438371E-02    1319 3910001
   0.843196E-02    1327 3912001
   0.766121E-02    1336 3914001
   0.788421E-02    1318 3916001
   0.846655E-02    1319 3918001
   0.738423E-02    1352 3920001
   0.699792E-02    1359 3922001
   0.476847E-02    1349 3924001
   0.859249E-02    1313 3926001
   0.863075E-02    1329 3928001
   0.862424E-02    1329 3930001
   0.770601E-02    1304 3932001
   0.857743E-02    1354 3934001
   0.753708E-02    1334 3936001
   0.813142E-02    1345 3938001
   0.272742E-02    1308 3940001
   0.842777E-02    1343 3942001
   0.764941E-02    1339 3944001
   0.806970E-02    1292 3946001
   0.802757E-02    1352 3948001
   0.749964E-02    1302 3950001
   0.799794E-02    1329 3952001
   0.826220E-02    1327 3954001
   0.823121E-02    1352 3956001
   0.683714E-02    1328 3958001
   0.830723E-02    1343 3960001
   0.685096E-02    1339 3962001
   0.786532E-02    1287 3964001
   0.756373E-02    1322 3966001
   0.741942E-02    1353 3968001
   0.709129E-02    1309 3970001
   0.747115E-02    1320 3972001
   0.671562E-02    1322 3974001
   0.759515E-02    1326 3976001
   0.898835E-02    1320 3978001
   0.816127E-02    1326 3980001
   0.867966E-02    1329 3982001
   0.831776E-02    1325 3984001
   0.738009E-02    1344 3986001
   0.712568E-02    1371 3988001
   0.486516E-02    1306 3990001
   0.876525E-02    1346 3992001
   0.813818E-02    1324 3994001
   0.808604E-02    1314 3996001
   0.720276E-02    1304 3998001
   0.700053E-02    1318 4000000
