   0.551907E-02    1329    2001
   0.580600E-02    1320    4001
   0.554185E-02    1353    6001
   0.581496E-02    1353    8001
   0.573196E-02    1325   10001
   0.564435E-02    1358   12001
   0.559069E-02    1311   14001
   0.555536E-02    1365   16001
   0.547223E-02    1365   18001
   0.557752E-02    1363   20001
   0.560669E-02    1347   22001
   0.561364E-02    1327   24001
   0.527573E-02    1291   26001
   0.553319E-02    1284   28001
   0.513820E-02    1334   30001
   0.567263E-02    1349   32001
   0.561321E-02    1336   34001
   0.523081E-02    1309   36001
   0.542463E-02    1363   38001
   0.564201E-02    1288   40001
   0.549865E-02    1352   42001
   0.555867E-02    1325   44001
   0.562375E-02    1311   46001
   0.553468E-02    1340   48001
   0.577769E-02    1340   50001
   0.556166E-02    1343   52001
   0.530395E-02    1316   54001
   0.555672E-02    1313   56001
   0.543133E-02    1320   58001
   0.556514E-02    1315   60001
   0.570435E-02    1344   62001
   0.558361E-02    1320   64001
   0.572142E-02    1351   66001
   0.562388E-02    1328   68001
   0.545095E-02    1315   70001
   0.560183E-02    1320   72001
   0.538082E-02    1347   74001
   0.555774E-02    1335   76001
   0.567151E-02    1317   78001
   0.541362E-02    1311   80001
   0.530810E-02    1308   82001
   0.573478E-02    1315   84001
   0.561821E-02    1304   86001
   0.545189E-02    1342   88001
   0.573823E-02    1342   90001
   0.546494E-02    1357   92001
   0.584120E-02    1329   94001
   0.574231E-02    1309   96001
   0.540846E-02    1314   98001
   0.545501E-02    1323  100001
   0.572187E-02    1318  102001
   0.565870E-02    1320  104001
   0.572162E-02    1335  106001
   0.551083E-02    1300  108001
   0.536315E-02    1353  110001
   0.560061E-02    1366  112001
   0.554644E-02    1345  114001
   0.553174E-02    1314  116001
   0.552393E-02    1335  118001
   0.560397E-02    1337  120001
   0.561216E-02    1357  122001
   0.559097E-02    1329  124001
   0.574185E-02    1354  126001
   0.552566E-02    1355  128001
   0.534980E-02    1324  130001
   0.546946E-02    1373  132001
   0.549302E-02    1346  134001
   0.525321E-02    1372  136001
   0.560040E-02    1327  138001
   0.578044E-02    1329  140001
   0.558548E-02    1360  142001
   0.564462E-02    1347  144001
   0.567453E-02    1333  146001
   0.552643E-02    1339  148001
   0.541913E-02    1335  150001
   0.562032E-02    1340  152001
   0.554261E-02    1328  154001
   0.550143E-02    1333  156001
   0.534037E-02    1339  158001
   0.561097E-02    1364  160001
   0.560364E-02    1347  162001
   0.554951E-02    1324  164001
   0.573955E-02    1309  166001
   0.547381E-02    1310  168001
   0.557544E-02    1288  170001
   0.549567E-02    1320  172001
   0.554323E-02    1337  174001
   0.524868E-02    1320  176001
   0.574493E-02    1392  178001
   0.562045E-02    1321  180001
   0.571682E-02    1325  182001
   0.555469E-02    1285  184001
   0.568974E-02    1333  186001
   0.564493E-02    1336  188001
   0.533779E-02    1343  190001
   0.552051E-02    1303  192001
   0.534854E-02    1319  194001
   0.559224E-02    1319  196001
   0.548747E-02    1332  198001
   0.556708E-02    1324  200001
   0.551684E-02    1272  202001
   0.582835E-02    1322  204001
   0.565501E-02    1355  206001
   0.556650E-02    1339  208001
   0.545503E-02    1317  210001
   0.544733E-02    1326  212001
   0.580054E-02    1347  214001
   0.565642E-02    1365  216001
   0.545886E-02    1344  218001
   0.573334E-02    1348  220001
   0.560503E-02    1325  222001
   0.540232E-02    1328  224001
   0.557142E-02    1355  226001
   0.533724E-02    1317  228001
   0.556924E-02    1299  230001
   0.542857E-02    1329  232001
   0.555653E-02    1336  234001
   0.570654E-02    1356  236001
   0.542491E-02    1314  238001
   0.570744E-02    1311  240001
   0.553220E-02    1356  242001
   0.554435E-02    1308  244001
   0.570560E-02    1310  246001
   0.559699E-02    1354  248001
   0.548300E-02    1400  250001
   0.540695E-02    1309  252001
   0.562065E-02    1321  254001
   0.560154E-02    1338  256001
   0.538590E-02    1339  258001
   0.550910E-02    1315  260001
   0.588351E-02    1317  262001
   0.549100E-02    1326  264001
   0.539749E-02    1384  266001
   0.534500E-02    1351  268001
   0.564116E-02    1354  270001
   0.551484E-02    1323  272001
   0.569149E-02    1356  274001
   0.570044E-02    1327  276001
   0.540421E-02    1351  278001
   0.550060E-02    1332  280001
   0.556984E-02    1325  282001
   0.554752E-02    1341  284001
   0.574262E-02    1302  286001
   0.564778E-02    1339  288001
   0.553015E-02    1354  290001
   0.560022E-02    1334  292001
   0.544445E-02    1289  294001
   0.559324E-02    1335  296001
   0.555391E-02    1336  298001
   0.567687E-02    1343  300001
   0.566689E-02    1357  302001
   0.578846E-02    1368  304001
   0.554517E-02    1345  306001
   0.535137E-02    1333  308001
   0.571913E-02    1317  310001
   0.543842E-02    1324  312001
   0.565639E-02    1346  314001
   0.567593E-02    1309  316001
   0.564434E-02    1369  318001
   0.551106E-02    1340  320001
   0.561255E-02    1314  322001
   0.569770E-02    1295  324001
   0.565297E-02    1332  326001
   0.540264E-02    1342  328001
   0.553393E-02    1325  330001
   0.531939E-02    1348  332001
   0.549190E-02    1368  334001
   0.549119E-02    1345  336001
   0.574344E-02    1340  338001
   0.581879E-02    1316  340001
   0.533558E-02    1331  342001
   0.533781E-02    1329  344001
   0.543976E-02    1342  346001
   0.557329E-02    1353  348001
   0.560623E-02    1346  350001
   0.561424E-02    1346  352001
   0.569701E-02    1346  354001
   0.551019E-02    1344  356001
   0.565210E-02    1331  358001
   0.570738E-02    1355  360001
   0.564335E-02    1329  362001
   0.549620E-02    1306  364001
   0.548540E-02    1309  366001
   0.549969E-02    1306  368001
   0.561126E-02    1305  370001
   0.544357E-02    1318  372001
   0.535620E-02    1333  374001
   0.586756E-02    1313  376001
   0.554818E-02    1323  378001
   0.567986E-02    1294  380001
   0.546667E-02    1374  382001
   0.541861E-02    1351  384001
   0.560583E-02    1371  386001
   0.559754E-02    1329  388001
   0.553644E-02    1347  390001
   0.551059E-02    1339  392001
   0.560847E-02    1301  394001
   0.544184E-02    1294  396001
   0.554267E-02    1315  398001
   0.568730E-02    1338  400001
   0.570972E-02    1320  402001
   0.553491E-02    1319  404001
   0.544053E-02    1311  406001
   0.562347E-02    1332  408001
   0.573600E-02    1350  410001
   0.560560E-02    1337  412001
   0.563123E-02    1319  414001
   0.573239E-02    1331  416001
   0.551716E-02    1354  418001
   0.565708E-02    1332  420001
   0.550832E-02    1324  422001
   0.532562E-02    1348  424001
   0.579638E-02    1344  426001
   0.568352E-02    1344  428001
   0.563829E-02    1367  430001
   0.529996E-02    1302  432001
   0.567558E-02    1316  434001
   0.572077E-02    1352  436001
   0.550822E-02    1344  438001
   0.554787E-02    1319  440001
   0.535226E-02    1337  442001
   0.563956E-02    1323  444001
   0.570782E-02    1329  446001
   0.558661E-02    1324  448001
   0.557987E-02    1328  450001
   0.548712E-02    1329  452001
   0.561211E-02    1326  454001
   0.552274E-02    1316  456001
   0.568722E-02    1343  458001
   0.564612E-02    1327  460001
   0.569271E-02    1340  462001
   0.557904E-02    1334  464001
   0.581675E-02    1347  466001
   0.559218E-02    1365  468001
   0.573406E-02    1351  470001
   0.561387E-02    1350  472001
   0.561755E-02    1355  474001
   0.565857E-02    1290  476001
   0.570047E-02    1346  478001
   0.579492E-02    1348  480001
   0.540439E-02    1332  482001
   0.537580E-02    1336  484001
   0.574577E-02    1342  486001
   0.574955E-02    1318  488001
   0.545870E-02    1332  490001
   0.557530E-02    1324  492001
   0.548346E-02    1354  494001
   0.574625E-02    1347  496001
   0.562440E-02    1330  498001
   0.578321E-02    1311  500001
   0.541502E-02    1367  502001
   0.551216E-02    1338  504001
   0.559683E-02    1331  506001
   0.574657E-02    1307  508001
   0.553033E-02    1338  510001
   0.538982E-02    1332  512001
   0.558143E-02    1360  514001
   0.538010E-02    1339  516001
   0.554686E-02    1324  518001
   0.565437E-02    1330  520001
   0.550003E-02    1357  522001
   0.531294E-02    1341  524001
   0.555787E-02    1353  526001
   0.573702E-02    1325  528001
   0.554940E-02    1338  530001
   0.561002E-02    1363  532001
   0.548285E-02    1356  534001
   0.561402E-02    1377  536001
   0.555194E-02    1361  538001
   0.547919E-02    1310  540001
   0.555844E-02    1349  542001
   0.552787E-02    1351  544001
   0.529353E-02    1329  546001
   0.558359E-02    1324  548001
   0.550817E-02    1335  550001
   0.570420E-02    1305  552001
   0.562704E-02    1359  554001
   0.561559E-02    1347  556001
   0.562741E-02    1303  558001
   0.542686E-02    1345  560001
   0.553713E-02    1329  562001
   0.567375E-02    1312  564001
   0.557880E-02    1386  566001
   0.541744E-02    1299  568001
   0.553128E-02    1326  570001
   0.562784E-02    1329  572001
   0.537295E-02    1329  574001
   0.558232E-02    1347  576001
   0.561601E-02    1356  578001
   0.555647E-02    1337  580001
   0.549385E-02    1341  582001
   0.557934E-02    1341  584001
   0.577036E-02    1347  586001
   0.582845E-02    1350  588001
   0.525546E-02    1357  590001
   0.557945E-02    1325  592001
   0.547194E-02    1321  594001
   0.560774E-02    1347  596001
   0.544310E-02    1322  598001
   0.559169E-02    1305  600001
   0.552400E-02    1313  602001
   0.568698E-02    1343  604001
   0.583172E-02    1354  606001
   0.548180E-02    1338  608001
   0.556997E-02    1346  610001
   0.560979E-02    1359  612001
   0.555095E-02    1302  614001
   0.564024E-02    1341  616001
   0.546324E-02    1319  618001
   0.544096E-02    1327  620001
   0.555809E-02    1323  622001
   0.549719E-02    1335  624001
   0.570039E-02    1330  626001
   0.559673E-02    1355  628001
   0.557081E-02    1325  630001
   0.558602E-02    1334  632001
   0.551044E-02    1339  634001
   0.572357E-02    1331  636001
   0.563286E-02    1340  638001
   0.563980E-02    1335  640001
   0.565826E-02    1305  642001
   0.539169E-02    1350  644001
   0.539633E-02    1359  646001
   0.551534E-02    1339  648001
   0.544545E-02    1383  650001
   0.552396E-02    1348  652001
   0.562747E-02    1328  654001
   0.557616E-02    1373  656001
   0.551999E-02    1355  658001
   0.573745E-02    1311  660001
   0.549574E-02    1334  662001
   0.521616E-02    1331  664001
   0.549211E-02    1355  666001
   0.583740E-02    1309  668001
   0.541484E-02    1370  670001
   0.577187E-02    1295  672001
   0.536219E-02    1339  674001
   0.554333E-02    1323  676001
   0.564013E-02    1312  678001
   0.552282E-02    1332  680001
   0.563012E-02    1295  682001
   0.556751E-02    1336  684001
   0.564446E-02    1299  686001
   0.556791E-02    1325  688001
   0.560546E-02    1317  690001
   0.556758E-02    1299  692001
   0.564915E-02    1327  694001
   0.555939E-02    1347  696001
   0.548438E-02    1344  698001
   0.579713E-02    1347  700001
   0.545827E-02    1361  702001
   0.548949E-02    1313  704001
   0.552256E-02    1325  706001
   0.555890E-02    1320  708001
   0.557419E-02    1328  710001
   0.553984E-02    1297  712001
   0.557995E-02    1311  714001
   0.558513E-02    1298  716001
   0.544518E-02    1341  718001
   0.533172E-02    1371  720001
   0.539495E-02    1335  722001
   0.534498E-02    1358  724001
   0.552905E-02    1354  726001
   0.570477E-02    1330  728001
   0.566705E-02    1326  730001
   0.571819E-02    1329  732001
   0.548451E-02    1321  734001
   0.555694E-02    1354  736001
   0.543533E-02    1324  738001
   0.556980E-02    1364  740001
   0.570332E-02    1315  742001
   0.550888E-02    1316  744001
   0.545946E-02    1349  746001
   0.542707E-02    1299  748001
   0.545834E-02    1362  750001
   0.571955E-02    1338  752001
   0.560055E-02    1317  754001
   0.547669E-02    1334  756001
   0.557065E-02    1335  758001
   0.557094E-02    1329  760001
   0.537597E-02    1347  762001
   0.554523E-02    1330  764001
   0.554034E-02    1332  766001
   0.549138E-02    1317  768001
   0.538447E-02    1320  770001
   0.560067E-02    1360  772001
   0.561829E-02    1318  774001
   0.561114E-02    1320  776001
   0.546758E-02    1312  778001
   0.555306E-02    1314  780001
   0.571763E-02    1323  782001
   0.548729E-02    1344  784001
   0.561374E-02    1313  786001
   0.559495E-02    1386  788001
   0.557674E-02    1337  790001
   0.568034E-02    1353  792001
   0.541965E-02    1353  794001
   0.560321E-02    1333  796001
   0.561368E-02    1363  798001
   0.548722E-02    1344  800001
   0.536756E-02    1352  802001
   0.560671E-02    1325  804001
   0.557975E-02    1318  806001
   0.524363E-02    1347  808001
   0.566049E-02    1370  810001
   0.563207E-02    1320  812001
   0.554295E-02    1345  814001
   0.557284E-02    1336  816001
   0.553822E-02    1324  818001
   0.574718E-02    1335  820001
   0.538730E-02    1331  822001
   0.559626E-02    1354  824001
   0.565132E-02    1328  826001
   0.549671E-02    1347  828001
   0.544652E-02    1331  830001
   0.553089E-02    1288  832001
   0.548326E-02    1337  834001
   0.546740E-02    1339  836001
   0.573241E-02    1346  838001
   0.563450E-02    1311  840001
   0.563583E-02    1375  842001
   0.544841E-02    1324  844001
   0.564983E-02    1350  846001
   0.528894E-02    1307  848001
   0.559297E-02    1370  850001
   0.564923E-02    1351  852001
   0.556891E-02    1319  854001
   0.560073E-02    1328  856001
   0.577699E-02    1381  858001
   0.556496E-02    1350  860001
   0.575108E-02    1319  862001
   0.556184E-02    1328  864001
   0.573715E-02    1314  866001
   0.551009E-02    1317  868001
   0.576701E-02    1318  870001
   0.555344E-02    1326  872001
   0.546653E-02    1330  874001
   0.564292E-02    1335  876001
   0.571515E-02    1315  878001
   0.552967E-02    1354  880001
   0.550767E-02    1345  882001
   0.546588E-02    1349  884001
   0.547861E-02    1343  886001
   0.546735E-02    1352  888001
   0.572028E-02    1303  890001
   0.538838E-02    1341  892001
   0.556700E-02    1369  894001
   0.551423E-02    1347  896001
   0.551325E-02    1318  898001
   0.550792E-02    1367  900001
   0.563891E-02    1324  902001
   0.564678E-02    1332  904001
   0.545766E-02    1346  906001
   0.565059E-02    1368  908001
   0.572486E-02    1322  910001
   0.549706E-02    1334  912001
   0.554633E-02    1350  914001
   0.548568E-02    1335  916001
   0.548384E-02    1349  918001
   0.558812E-02    1322  920001
   0.570387E-02    1358  922001
   0.543882E-02    1316  924001
   0.555060E-02    1346  926001
   0.536585E-02    1373  928001
   0.547317E-02    1345  930001
   0.578721E-02    1338  932001
   0.555419E-02    1332  934001
   0.560319E-02    1317  936001
   0.555826E-02    1325  938001
   0.557855E-02    1340  940001
   0.574700E-02    1340  942001
   0.562966E-02    1306  944001
   0.559513E-02    1339  946001
   0.556930E-02    1325  948001
   0.552956E-02    1357  950001
   0.546117E-02    1346  952001
   0.551994E-02    1351  954001
   0.576570E-02    1306  956001
   0.555320E-02    1350  958001
   0.570453E-02    1337  960001
   0.579510E-02    1295  962001
   0.539290E-02    1329  964001
   0.556512E-02    1349  966001
   0.567609E-02    1346  968001
   0.559245E-02    1308  970001
   0.569600E-02    1339  972001
   0.549301E-02    1308  974001
   0.564024E-02    1352  976001
   0.561865E-02    1295  978001
   0.542926E-02    1306  980001
   0.559761E-02    1318  982001
   0.569005E-02    1327  984001
   0.550090E-02    1288  986001
   0.565027E-02    1365  988001
   0.549472E-02    1341  990001
   0.533992E-02    1329  992001
   0.563883E-02    1341  994001
   0.554071E-02    1354  996001
   0.551172E-02    1320  998001
   0.570595E-02    1309 1000001
   0.550683E-02    1325 1002001
   0.555239E-02    1340 1004001
   0.546938E-02    1315 1006001
   0.556554E-02    1343 1008001
   0.564737E-02    1310 1010001
   0.559969E-02    1306 1012001
   0.531091E-02    1325 1014001
   0.559770E-02    1343 1016001
   0.535752E-02    1332 1018001
   0.563785E-02    1354 1020001
   0.557909E-02    1346 1022001
   0.558024E-02    1347 1024001
   0.555084E-02    1318 1026001
   0.549274E-02    1336 1028001
   0.552547E-02    1337 1030001
   0.571007E-02    1339 1032001
   0.555002E-02    1329 1034001
   0.557200E-02    1327 1036001
   0.562644E-02    1334 1038001
   0.561890E-02    1311 1040001
   0.569114E-02    1322 1042001
   0.559845E-02    1327 1044001
   0.545131E-02    1314 1046001
   0.564110E-02    1339 1048001
   0.578334E-02    1341 1050001
   0.551954E-02    1324 1052001
   0.565198E-02    1356 1054001
   0.553214E-02    1347 1056001
   0.551083E-02    1338 1058001
   0.555161E-02    1355 1060001
   0.569337E-02    1301 1062001
   0.537907E-02    1343 1064001
   0.559282E-02    1336 1066001
   0.539930E-02    1328 1068001
   0.541259E-02    1347 1070001
   0.547665E-02    1360 1072001
   0.552182E-02    1336 1074001
   0.549278E-02    1293 1076001
   0.563455E-02    1328 1078001
   0.568352E-02    1318 1080001
   0.541463E-02    1311 1082001
   0.551443E-02    1352 1084001
   0.563359E-02    1339 1086001
   0.552618E-02    1358 1088001
   0.564273E-02    1365 1090001
   0.549905E-02    1332 1092001
   0.557975E-02    1325 1094001
   0.558856E-02    1304 1096001
   0.571180E-02    1344 1098001
   0.557680E-02    1342 1100001
   0.558811E-02    1323 1102001
   0.565813E-02    1323 1104001
   0.530975E-02    1334 1106001
   0.563065E-02    1339 1108001
   0.573657E-02    1319 1110001
   0.556823E-02    1356 1112001
   0.542560E-02    1338 1114001
   0.543156E-02    1360 1116001
   0.542077E-02    1324 1118001
   0.556098E-02    1311 1120001
   0.561539E-02    1336 1122001
   0.551018E-02    1347 1124001
   0.552425E-02    1310 1126001
   0.538068E-02    1331 1128001
   0.554267E-02    1323 1130001
   0.550588E-02    1323 1132001
   0.557687E-02    1342 1134001
   0.546047E-02    1346 1136001
   0.534773E-02    1358 1138001
   0.560850E-02    1323 1140001
   0.533957E-02    1368 1142001
   0.547955E-02    1354 1144001
   0.564359E-02    1345 1146001
   0.569386E-02    1368 1148001
   0.550736E-02    1327 1150001
   0.553965E-02    1326 1152001
   0.550128E-02    1347 1154001
   0.567998E-02    1349 1156001
   0.551357E-02    1349 1158001
   0.566730E-02    1363 1160001
   0.548345E-02    1316 1162001
   0.548356E-02    1304 1164001
   0.537502E-02    1332 1166001
   0.551065E-02    1321 1168001
   0.579222E-02    1351 1170001
   0.556412E-02    1342 1172001
   0.545350E-02    1366 1174001
   0.529977E-02    1342 1176001
   0.570972E-02    1344 1178001
   0.559430E-02    1334 1180001
   0.579699E-02    1326 1182001
   0.554293E-02    1372 1184001
   0.522286E-02    1364 1186001
   0.570386E-02    1360 1188001
   0.521237E-02    1333 1190001
   0.544738E-02    1324 1192001
   0.567339E-02    1327 1194001
   0.569090E-02    1331 1196001
   0.576656E-02    1342 1198001
   0.537522E-02    1318 1200001
   0.554665E-02    1319 1202001
   0.558529E-02    1315 1204001
   0.557033E-02    1330 1206001
   0.530293E-02    1356 1208001
   0.558172E-02    1333 1210001
   0.555676E-02    1362 1212001
   0.564580E-02    1308 1214001
   0.544146E-02    1334 1216001
   0.537605E-02    1360 1218001
   0.531353E-02    1324 1220001
   0.560052E-02    1338 1222001
   0.545971E-02    1345 1224001
   0.550823E-02    1341 1226001
   0.552281E-02    1344 1228001
   0.548340E-02    1337 1230001
   0.532677E-02    1332 1232001
   0.564664E-02    1361 1234001
   0.536841E-02    1347 1236001
   0.550535E-02    1318 1238001
   0.541263E-02    1358 1240001
   0.541362E-02    1313 1242001
   0.566181E-02    1328 1244001
   0.563280E-02    1334 1246001
   0.547083E-02    1324 1248001
   0.537631E-02    1356 1250001
   0.562325E-02    1292 1252001
   0.565630E-02    1326 1254001
   0.575120E-02    1335 1256001
   0.564020E-02    1330 1258001
   0.555018E-02    1275 1260001
   0.558385E-02    1314 1262001
   0.560345E-02    1324 1264001
   0.551364E-02    1311 1266001
   0.539121E-02    1353 1268001
   0.566700E-02    1337 1270001
   0.564503E-02    1352 1272001
   0.576474E-02    1336 1274001
   0.569337E-02    1323 1276001
   0.552014E-02    1321 1278001
   0.558942E-02    1322 1280001
   0.559723E-02    1354 1282001
   0.548068E-02    1313 1284001
   0.557370E-02    1351 1286001
   0.563921E-02    1336 1288001
   0.533905E-02    1332 1290001
   0.550950E-02    1333 1292001
   0.527265E-02    1353 1294001
   0.554319E-02    1336 1296001
   0.582786E-02    1349 1298001
   0.549926E-02    1325 1300001
   0.554593E-02    1294 1302001
   0.544051E-02    1340 1304001
   0.549193E-02    1336 1306001
   0.554076E-02    1322 1308001
   0.571371E-02    1340 1310001
   0.559462E-02    1345 1312001
   0.540415E-02    1319 1314001
   0.559672E-02    1367 1316001
   0.534306E-02    1329 1318001
   0.550328E-02    1340 1320001
   0.567783E-02    1287 1322001
   0.565350E-02    1349 1324001
   0.515980E-02    1330 1326001
   0.537360E-02    1328 1328001
   0.556162E-02    1358 1330001
   0.562418E-02    1352 1332001
   0.568969E-02    1325 1334001
   0.558092E-02    1349 1336001
   0.528817E-02    1329 1338001
   0.535689E-02    1330 1340001
   0.581872E-02    1346 1342001
   0.542037E-02    1311 1344001
   0.557348E-02    1304 1346001
   0.563131E-02    1316 1348001
   0.523885E-02    1360 1350001
   0.572628E-02    1353 1352001
   0.564340E-02    1339 1354001
   0.558858E-02    1353 1356001
   0.552885E-02    1315 1358001
   0.560049E-02    1370 1360001
   0.548524E-02    1316 1362001
   0.564413E-02    1324 1364001
   0.573377E-02    1353 1366001
   0.567079E-02    1348 1368001
   0.554807E-02    1285 1370001
   0.535629E-02    1301 1372001
   0.559739E-02    1331 1374001
   0.550655E-02    1331 1376001
   0.565754E-02    1303 1378001
   0.545508E-02    1312 1380001
   0.566014E-02    1330 1382001
   0.581438E-02    1338 1384001
   0.559532E-02    1346 1386001
   0.544437E-02    1336 1388001
   0.551000E-02    1321 1390001
   0.553565E-02    1315 1392001
   0.545472E-02    1314 1394001
   0.569027E-02    1357 1396001
   0.571831E-02    1342 1398001
   0.571033E-02    1327 1400001
   0.542460E-02    1287 1402001
   0.546900E-02    1321 1404001
   0.554459E-02    1358 1406001
   0.543564E-02    1306 1408001
   0.550470E-02    1336 1410001
   0.562582E-02    1352 1412001
   0.549385E-02    1366 1414001
   0.549275E-02    1377 1416001
   0.546136E-02    1350 1418001
   0.552904E-02    1336 1420001
   0.553318E-02    1358 1422001
   0.565554E-02    1335 1424001
   0.565468E-02    1330 1426001
   0.565896E-02    1343 1428001
   0.556932E-02    1329 1430001
   0.547115E-02    1311 1432001
   0.549866E-02    1334 1434001
   0.557635E-02    1323 1436001
   0.554565E-02    1317 1438001
   0.539776E-02    1377 1440001
   0.586239E-02    1320 1442001
   0.561532E-02    1320 1444001
   0.538276E-02    1339 1446001
   0.570364E-02    1308 1448001
   0.563834E-02    1321 1450001
   0.568725E-02    1318 1452001
   0.547650E-02    1315 1454001
   0.567629E-02    1323 1456001
   0.559745E-02    1344 1458001
   0.538761E-02    1300 1460001
   0.561138E-02    1337 1462001
   0.579692E-02    1365 1464001
   0.535180E-02    1305 1466001
   0.549328E-02    1331 1468001
   0.552225E-02    1325 1470001
   0.559339E-02    1342 1472001
   0.560272E-02    1353 1474001
   0.530022E-02    1334 1476001
   0.550373E-02    1344 1478001
   0.531610E-02    1328 1480001
   0.549938E-02    1293 1482001
   0.543078E-02    1351 1484001
   0.558663E-02    1342 1486001
   0.569743E-02    1353 1488001
   0.552218E-02    1298 1490001
   0.555245E-02    1304 1492001
   0.553687E-02    1366 1494001
   0.562217E-02    1364 1496001
   0.536342E-02    1321 1498001
   0.575737E-02    1317 1500001
   0.556890E-02    1327 1502001
   0.568062E-02    1326 1504001
   0.537879E-02    1341 1506001
   0.562502E-02    1362 1508001
   0.550242E-02    1352 1510001
   0.572650E-02    1352 1512001
   0.528224E-02    1352 1514001
   0.563175E-02    1325 1516001
   0.560653E-02    1336 1518001
   0.558863E-02    1366 1520001
   0.555416E-02    1311 1522001
   0.568102E-02    1363 1524001
   0.561700E-02    1356 1526001
   0.551875E-02    1329 1528001
   0.549935E-02    1350 1530001
   0.561108E-02    1321 1532001
   0.563430E-02    1332 1534001
   0.552055E-02    1333 1536001
   0.553698E-02    1300 1538001
   0.551547E-02    1362 1540001
   0.572969E-02    1369 1542001
   0.551834E-02    1358 1544001
   0.541938E-02    1355 1546001
   0.552957E-02    1367 1548001
   0.558086E-02    1326 1550001
   0.581268E-02    1363 1552001
   0.577886E-02    1326 1554001
   0.570613E-02    1328 1556001
   0.534353E-02    1357 1558001
   0.547663E-02    1350 1560001
   0.551396E-02    1350 1562001
   0.566590E-02    1339 1564001
   0.565364E-02    1345 1566001
   0.565976E-02    1311 1568001
   0.556772E-02    1351 1570001
   0.552455E-02    1343 1572001
   0.542990E-02    1354 1574001
   0.557149E-02    1299 1576001
   0.561820E-02    1298 1578001
   0.554075E-02    1389 1580001
   0.541793E-02    1350 1582001
   0.561568E-02    1341 1584001
   0.576011E-02    1318 1586001
   0.563574E-02    1391 1588001
   0.550810E-02    1340 1590001
   0.559763E-02    1357 1592001
   0.570036E-02    1337 1594001
   0.561155E-02    1331 1596001
   0.549592E-02    1306 1598001
   0.561930E-02    1355 1600001
   0.537780E-02    1334 1602001
   0.567853E-02    1379 1604001
   0.559770E-02    1323 1606001
   0.553792E-02    1349 1608001
   0.565190E-02    1368 1610001
   0.562523E-02    1343 1612001
   0.566416E-02    1313 1614001
   0.554601E-02    1326 1616001
   0.561143E-02    1337 1618001
   0.561388E-02    1361 1620001
   0.557907E-02    1306 1622001
   0.542207E-02    1342 1624001
   0.555443E-02    1309 1626001
   0.549270E-02    1327 1628001
   0.542657E-02    1309 1630001
   0.549484E-02    1341 1632001
   0.539418E-02    1338 1634001
   0.578139E-02    1360 1636001
   0.549167E-02    1328 1638001
   0.560491E-02    1320 1640001
   0.566616E-02    1351 1642001
   0.554989E-02    1334 1644001
   0.547915E-02    1333 1646001
   0.585734E-02    1322 1648001
   0.565063E-02    1337 1650001
   0.558782E-02    1330 1652001
   0.562436E-02    1376 1654001
   0.551123E-02    1348 1656001
   0.530152E-02    1291 1658001
   0.557494E-02    1328 1660001
   0.573517E-02    1317 1662001
   0.562334E-02    1304 1664001
   0.550522E-02    1313 1666001
   0.561519E-02    1314 1668001
   0.550561E-02    1295 1670001
   0.563559E-02    1389 1672001
   0.588105E-02    1323 1674001
   0.558921E-02    1343 1676001
   0.554704E-02    1334 1678001
   0.551749E-02    1324 1680001
   0.539519E-02    1381 1682001
   0.572776E-02    1333 1684001
   0.557863E-02    1341 1686001
   0.557244E-02    1346 1688001
   0.571894E-02    1316 1690001
   0.573776E-02    1341 1692001
   0.559600E-02    1356 1694001
   0.566932E-02    1381 1696001
   0.570070E-02    1342 1698001
   0.548930E-02    1288 1700001
   0.555497E-02    1342 1702001
   0.564321E-02    1343 1704001
   0.554819E-02    1335 1706001
   0.541772E-02    1367 1708001
   0.540789E-02    1325 1710001
   0.558170E-02    1336 1712001
   0.524811E-02    1315 1714001
   0.558985E-02    1350 1716001
   0.540726E-02    1335 1718001
   0.543190E-02    1312 1720001
   0.567168E-02    1325 1722001
   0.568803E-02    1325 1724001
   0.569695E-02    1329 1726001
   0.553085E-02    1322 1728001
   0.558969E-02    1304 1730001
   0.548319E-02    1338 1732001
   0.549750E-02    1297 1734001
   0.549807E-02    1290 1736001
   0.569216E-02    1318 1738001
   0.554322E-02    1356 1740001
   0.559014E-02    1319 1742001
   0.561963E-02    1324 1744001
   0.532846E-02    1342 1746001
   0.586496E-02    1318 1748001
   0.571714E-02    1351 1750001
   0.555852E-02    1352 1752001
   0.560646E-02    1314 1754001
   0.547936E-02    1353 1756001
   0.572419E-02    1336 1758001
   0.560851E-02    1351 1760001
   0.572766E-02    1342 1762001
   0.562614E-02    1367 1764001
   0.550948E-02    1326 1766001
   0.559581E-02    1357 1768001
   0.547814E-02    1323 1770001
   0.565966E-02    1343 1772001
   0.555671E-02    1342 1774001
   0.566714E-02    1347 1776001
   0.551963E-02    1306 1778001
   0.549503E-02    1333 1780001
   0.570565E-02    1333 1782001
   0.526545E-02    1306 1784001
   0.558020E-02    1330 1786001
   0.540582E-02    1306 1788001
   0.566667E-02    1354 1790001
   0.549727E-02    1328 1792001
   0.561524E-02    1333 1794001
   0.552633E-02    1278 1796001
   0.572700E-02    1311 1798001
   0.540243E-02    1281 1800001
   0.563965E-02    1285 1802001
   0.553745E-02    1337 1804001
   0.558753E-02    1336 1806001
   0.566884E-02    1337 1808001
   0.559551E-02    1380 1810001
   0.559093E-02    1326 1812001
   0.547529E-02    1326 1814001
   0.531343E-02    1302 1816001
   0.569538E-02    1332 1818001
   0.552841E-02    1324 1820001
   0.564780E-02    1367 1822001
   0.545554E-02    1358 1824001
   0.577656E-02    1363 1826001
   0.545918E-02    1333 1828001
   0.564369E-02    1318 1830001
   0.554487E-02    1332 1832001
   0.562029E-02    1355 1834001
   0.544617E-02    1331 1836001
   0.575849E-02    1336 1838001
   0.550498E-02    1295 1840001
   0.544313E-02    1311 1842001
   0.588774E-02    1347 1844001
   0.537538E-02    1300 1846001
   0.552205E-02    1341 1848001
   0.549236E-02    1336 1850001
   0.562649E-02    1313 1852001
   0.566300E-02    1329 1854001
   0.540061E-02    1379 1856001
   0.548850E-02    1326 1858001
   0.531446E-02    1341 1860001
   0.565338E-02    1324 1862001
   0.553125E-02    1326 1864001
   0.571726E-02    1326 1866001
   0.554758E-02    1324 1868001
   0.553795E-02    1337 1870001
   0.573974E-02    1333 1872001
   0.563318E-02    1345 1874001
   0.566018E-02    1335 1876001
   0.568877E-02    1348 1878001
   0.545007E-02    1348 1880001
   0.519318E-02    1334 1882001
   0.569034E-02    1308 1884001
   0.547866E-02    1368 1886001
   0.576328E-02    1300 1888001
   0.560951E-02    1345 1890001
   0.548328E-02    1340 1892001
   0.546532E-02    1336 1894001
   0.568731E-02    1321 1896001
   0.543876E-02    1323 1898001
   0.543664E-02    1334 1900001
   0.557476E-02    1347 1902001
   0.555959E-02    1336 1904001
   0.566656E-02    1325 1906001
   0.551378E-02    1322 1908001
   0.550361E-02    1342 1910001
   0.556989E-02    1355 1912001
   0.554196E-02    1324 1914001
   0.567528E-02    1336 1916001
   0.571942E-02    1306 1918001
   0.547963E-02    1346 1920001
   0.563596E-02    1321 1922001
   0.552784E-02    1317 1924001
   0.565328E-02    1339 1926001
   0.545956E-02    1336 1928001
   0.570686E-02    1370 1930001
   0.566795E-02    1345 1932001
   0.569488E-02    1314 1934001
   0.560951E-02    1333 1936001
   0.569711E-02    1302 1938001
   0.529947E-02    1330 1940001
   0.557715E-02    1384 1942001
   0.574174E-02    1351 1944001
   0.565343E-02    1339 1946001
   0.561165E-02    1315 1948001
   0.547371E-02    1334 1950001
   0.583827E-02    1308 1952001
   0.550706E-02    1369 1954001
   0.574963E-02    1300 1956001
   0.548012E-02    1319 1958001
   0.564470E-02    1363 1960001
   0.559034E-02    1349 1962001
   0.544312E-02    1346 1964001
   0.549858E-02    1337 1966001
   0.571158E-02    1325 1968001
   0.549724E-02    1305 1970001
   0.554389E-02    1300 1972001
   0.540409E-02    1294 1974001
   0.577008E-02    1325 1976001
   0.574609E-02    1338 1978001
   0.556019E-02    1324 1980001
   0.535761E-02    1364 1982001
   0.539529E-02    1325 1984001
   0.570329E-02    1360 1986001
   0.552135E-02    1353 1988001
   0.552083E-02    1353 1990001
   0.549614E-02    1310 1992001
   0.546708E-02    1356 1994001
   0.534430E-02    1328 1996001
   0.564112E-02    1383 1998001
   0.579425E-02    1338 2000001
   0.565869E-02    1341 2002001
   0.552890E-02    1372 2004001
   0.568979E-02    1286 2006001
   0.555961E-02    1321 2008001
   0.556797E-02    1360 2010001
   0.546975E-02    1348 2012001
   0.552557E-02    1359 2014001
   0.575620E-02    1271 2016001
   0.542391E-02    1321 2018001
   0.558611E-02    1354 2020001
   0.564728E-02    1344 2022001
   0.566545E-02    1329 2024001
   0.550537E-02    1351 2026001
   0.560946E-02    1354 2028001
   0.561760E-02    1320 2030001
   0.557504E-02    1334 2032001
   0.551781E-02    1329 2034001
   0.531929E-02    1285 2036001
   0.552343E-02    1297 2038001
   0.568241E-02    1365 2040001
   0.566727E-02    1348 2042001
   0.565683E-02    1334 2044001
   0.526721E-02    1343 2046001
   0.563336E-02    1328 2048001
   0.555068E-02    1320 2050001
   0.526767E-02    1295 2052001
   0.544911E-02    1318 2054001
   0.554256E-02    1312 2056001
   0.556451E-02    1328 2058001
   0.548903E-02    1354 2060001
   0.558070E-02    1343 2062001
   0.559230E-02    1312 2064001
   0.541556E-02    1378 2066001
   0.554104E-02    1308 2068001
   0.567383E-02    1342 2070001
   0.569815E-02    1369 2072001
   0.549496E-02    1327 2074001
   0.555893E-02    1318 2076001
   0.556665E-02    1286 2078001
   0.555226E-02    1348 2080001
   0.554680E-02    1327 2082001
   0.558282E-02    1353 2084001
   0.554701E-02    1299 2086001
   0.564122E-02    1311 2088001
   0.537880E-02    1313 2090001
   0.574764E-02    1334 2092001
   0.547116E-02    1336 2094001
   0.554903E-02    1387 2096001
   0.554531E-02    1319 2098001
   0.547921E-02    1292 2100001
   0.539284E-02    1358 2102001
   0.562785E-02    1363 2104001
   0.557608E-02    1346 2106001
   0.573043E-02    1325 2108001
   0.530867E-02    1329 2110001
   0.542653E-02    1331 2112001
   0.553975E-02    1382 2114001
   0.560532E-02    1328 2116001
   0.527593E-02    1361 2118001
   0.559649E-02    1312 2120001
   0.555399E-02    1362 2122001
   0.546808E-02    1327 2124001
   0.518890E-02    1348 2126001
   0.558687E-02    1320 2128001
   0.557355E-02    1305 2130001
   0.547670E-02    1325 2132001
   0.569716E-02    1343 2134001
   0.550932E-02    1335 2136001
   0.559163E-02    1342 2138001
   0.558390E-02    1339 2140001
   0.546519E-02    1349 2142001
   0.533094E-02    1345 2144001
   0.558711E-02    1307 2146001
   0.572403E-02    1300 2148001
   0.551123E-02    1334 2150001
   0.545846E-02    1331 2152001
   0.556367E-02    1334 2154001
   0.572852E-02    1328 2156001
   0.561515E-02    1355 2158001
   0.572601E-02    1350 2160001
   0.533669E-02    1351 2162001
   0.554707E-02    1316 2164001
   0.541623E-02    1342 2166001
   0.552970E-02    1347 2168001
   0.560620E-02    1335 2170001
   0.549052E-02    1317 2172001
   0.579626E-02    1361 2174001
   0.531587E-02    1316 2176001
   0.549905E-02    1304 2178001
   0.539192E-02    1349 2180001
   0.556645E-02    1308 2182001
   0.565687E-02    1334 2184001
   0.551220E-02    1348 2186001
   0.540527E-02    1363 2188001
   0.555142E-02    1355 2190001
   0.559753E-02    1327 2192001
   0.563284E-02    1336 2194001
   0.538764E-02    1313 2196001
   0.571843E-02    1351 2198001
   0.559055E-02    1331 2200001
   0.554858E-02    1345 2202001
   0.541190E-02    1334 2204001
   0.543452E-02    1294 2206001
   0.560474E-02    1316 2208001
   0.554712E-02    1335 2210001
   0.545448E-02    1321 2212001
   0.532319E-02    1333 2214001
   0.559709E-02    1330 2216001
   0.548021E-02    1354 2218001
   0.551132E-02    1333 2220001
   0.558210E-02    1321 2222001
   0.555451E-02    1378 2224001
   0.551585E-02    1336 2226001
   0.560898E-02    1325 2228001
   0.545760E-02    1354 2230001
   0.535695E-02    1337 2232001
   0.548244E-02    1381 2234001
   0.553439E-02    1344 2236001
   0.581073E-02    1357 2238001
   0.540964E-02    1328 2240001
   0.544396E-02    1319 2242001
   0.564374E-02    1345 2244001
   0.559856E-02    1326 2246001
   0.556156E-02    1334 2248001
   0.565002E-02    1352 2250001
   0.550424E-02    1352 2252001
   0.542490E-02    1309 2254001
   0.565122E-02    1348 2256001
   0.567567E-02    1364 2258001
   0.543602E-02    1328 2260001
   0.571553E-02    1312 2262001
   0.557694E-02    1344 2264001
   0.558776E-02    1338 2266001
   0.585594E-02    1331 2268001
   0.553177E-02    1369 2270001
   0.576702E-02    1330 2272001
   0.570108E-02    1331 2274001
   0.525221E-02    1324 2276001
   0.564630E-02    1320 2278001
   0.566434E-02    1348 2280001
   0.573501E-02    1342 2282001
   0.577730E-02    1345 2284001
   0.541263E-02    1353 2286001
   0.558678E-02    1328 2288001
   0.557719E-02    1330 2290001
   0.550693E-02    1318 2292001
   0.562452E-02    1310 2294001
   0.559915E-02    1308 2296001
   0.551760E-02    1309 2298001
   0.562208E-02    1337 2300001
   0.536045E-02    1356 2302001
   0.560828E-02    1340 2304001
   0.570842E-02    1352 2306001
   0.532668E-02    1315 2308001
   0.537806E-02    1343 2310001
   0.567843E-02    1312 2312001
   0.565855E-02    1333 2314001
   0.565096E-02    1310 2316001
   0.558273E-02    1363 2318001
   0.565471E-02    1318 2320001
   0.560738E-02    1342 2322001
   0.559798E-02    1328 2324001
   0.549790E-02    1319 2326001
   0.562390E-02    1363 2328001
   0.560848E-02    1348 2330001
   0.534841E-02    1310 2332001
   0.538305E-02    1344 2334001
   0.542278E-02    1304 2336001
   0.557952E-02    1373 2338001
   0.556821E-02    1319 2340001
   0.564247E-02    1338 2342001
   0.544511E-02    1350 2344001
   0.544505E-02    1350 2346001
   0.565850E-02    1334 2348001
   0.564419E-02    1412 2350001
   0.542164E-02    1373 2352001
   0.545004E-02    1341 2354001
   0.550776E-02    1325 2356001
   0.561022E-02    1370 2358001
   0.549602E-02    1346 2360001
   0.530134E-02    1349 2362001
   0.548092E-02    1366 2364001
   0.546392E-02    1333 2366001
   0.551431E-02    1313 2368001
   0.552773E-02    1332 2370001
   0.543793E-02    1342 2372001
   0.544565E-02    1323 2374001
   0.557553E-02    1355 2376001
   0.556371E-02    1344 2378001
   0.555428E-02    1317 2380001
   0.569652E-02    1345 2382001
   0.570459E-02    1334 2384001
   0.559539E-02    1340 2386001
   0.569591E-02    1306 2388001
   0.557672E-02    1342 2390001
   0.547393E-02    1322 2392001
   0.549456E-02    1328 2394001
   0.549301E-02    1338 2396001
   0.557153E-02    1345 2398001
   0.550304E-02    1370 2400001
   0.569252E-02    1355 2402001
   0.529550E-02    1320 2404001
   0.549332E-02    1315 2406001
   0.570455E-02    1302 2408001
   0.571834E-02    1328 2410001
   0.543901E-02    1314 2412001
   0.555213E-02    1314 2414001
   0.541559E-02    1365 2416001
   0.556024E-02    1279 2418001
   0.548921E-02    1323 2420001
   0.560951E-02    1357 2422001
   0.561788E-02    1314 2424001
   0.548400E-02    1317 2426001
   0.560627E-02    1333 2428001
   0.562199E-02    1309 2430001
   0.550594E-02    1334 2432001
   0.540990E-02    1354 2434001
   0.546156E-02    1336 2436001
   0.561871E-02    1355 2438001
   0.540892E-02    1334 2440001
   0.564731E-02    1335 2442001
   0.569879E-02    1360 2444001
   0.531319E-02    1370 2446001
   0.558682E-02    1358 2448001
   0.561752E-02    1340 2450001
   0.551615E-02    1338 2452001
   0.532783E-02    1335 2454001
   0.544140E-02    1323 2456001
   0.541917E-02    1305 2458001
   0.552402E-02    1354 2460001
   0.532855E-02    1325 2462001
   0.547453E-02    1338 2464001
   0.547292E-02    1338 2466001
   0.550837E-02    1327 2468001
   0.560245E-02    1323 2470001
   0.527561E-02    1355 2472001
   0.574727E-02    1339 2474001
   0.571313E-02    1333 2476001
   0.524174E-02    1318 2478001
   0.569727E-02    1389 2480001
   0.547810E-02    1351 2482001
   0.541911E-02    1344 2484001
   0.555389E-02    1312 2486001
   0.561938E-02    1365 2488001
   0.533512E-02    1319 2490001
   0.554442E-02    1349 2492001
   0.557349E-02    1354 2494001
   0.558302E-02    1325 2496001
   0.560230E-02    1341 2498001
   0.553136E-02    1353 2500001
   0.555127E-02    1295 2502001
   0.559319E-02    1360 2504001
   0.543470E-02    1312 2506001
   0.544397E-02    1307 2508001
   0.560201E-02    1304 2510001
   0.530665E-02    1324 2512001
   0.544970E-02    1323 2514001
   0.562465E-02    1382 2516001
   0.545862E-02    1314 2518001
   0.568402E-02    1352 2520001
   0.537101E-02    1336 2522001
   0.570139E-02    1311 2524001
   0.539323E-02    1332 2526001
   0.564304E-02    1313 2528001
   0.566613E-02    1329 2530001
   0.564991E-02    1346 2532001
   0.563144E-02    1344 2534001
   0.561324E-02    1307 2536001
   0.541414E-02    1313 2538001
   0.549686E-02    1366 2540001
   0.568406E-02    1344 2542001
   0.545443E-02    1349 2544001
   0.572655E-02    1343 2546001
   0.570156E-02    1339 2548001
   0.559550E-02    1384 2550001
   0.536422E-02    1328 2552001
   0.542034E-02    1361 2554001
   0.534513E-02    1364 2556001
   0.580462E-02    1372 2558001
   0.560870E-02    1345 2560001
   0.540625E-02    1332 2562001
   0.546487E-02    1306 2564001
   0.550432E-02    1292 2566001
   0.573483E-02    1355 2568001
   0.550558E-02    1327 2570001
   0.573112E-02    1324 2572001
   0.550621E-02    1333 2574001
   0.566704E-02    1294 2576001
   0.541373E-02    1320 2578001
   0.545171E-02    1331 2580001
   0.567719E-02    1332 2582001
   0.571930E-02    1321 2584001
   0.567333E-02    1324 2586001
   0.574301E-02    1324 2588001
   0.563978E-02    1355 2590001
   0.567228E-02    1353 2592001
   0.532898E-02    1316 2594001
   0.559453E-02    1339 2596001
   0.547259E-02    1323 2598001
   0.548948E-02    1351 2600001
   0.559568E-02    1322 2602001
   0.577838E-02    1343 2604001
   0.565994E-02    1356 2606001
   0.576124E-02    1358 2608001
   0.564993E-02    1320 2610001
   0.571527E-02    1364 2612001
   0.550200E-02    1370 2614001
   0.576956E-02    1322 2616001
   0.577405E-02    1341 2618001
   0.542424E-02    1322 2620001
   0.558771E-02    1357 2622001
   0.552738E-02    1319 2624001
   0.562457E-02    1327 2626001
   0.563325E-02    1343 2628001
   0.544263E-02    1331 2630001
   0.527437E-02    1384 2632001
   0.559787E-02    1328 2634001
   0.561978E-02    1318 2636001
   0.570495E-02    1339 2638001
   0.550000E-02    1342 2640001
   0.562063E-02    1339 2642001
   0.547664E-02    1299 2644001
   0.565948E-02    1365 2646001
   0.570451E-02    1353 2648001
   0.538015E-02    1341 2650001
   0.564494E-02    1309 2652001
   0.567164E-02    1320 2654001
   0.550209E-02    1360 2656001
   0.569588E-02    1340 2658001
   0.586089E-02    1345 2660001
   0.579849E-02    1345 2662001
   0.542215E-02    1334 2664001
   0.531639E-02    1327 2666001
   0.536454E-02    1324 2668001
   0.555034E-02    1320 2670001
   0.567009E-02    1315 2672001
   0.558379E-02    1352 2674001
   0.541322E-02    1322 2676001
   0.554765E-02    1349 2678001
   0.559799E-02    1329 2680001
   0.555503E-02    1368 2682001
   0.562332E-02    1305 2684001
   0.555117E-02    1334 2686001
   0.527497E-02    1357 2688001
   0.562210E-02    1354 2690001
   0.545064E-02    1307 2692001
   0.537871E-02    1357 2694001
   0.551180E-02    1339 2696001
   0.559879E-02    1356 2698001
   0.550996E-02    1347 2700001
   0.560947E-02    1307 2702001
   0.547763E-02    1363 2704001
   0.549725E-02    1346 2706001
   0.515205E-02    1320 2708001
   0.564951E-02    1320 2710001
   0.527869E-02    1358 2712001
   0.555725E-02    1353 2714001
   0.566366E-02    1339 2716001
   0.560123E-02    1278 2718001
   0.548403E-02    1347 2720001
   0.581853E-02    1335 2722001
   0.555184E-02    1310 2724001
   0.551659E-02    1343 2726001
   0.569280E-02    1316 2728001
   0.539284E-02    1341 2730001
   0.560018E-02    1372 2732001
   0.571385E-02    1326 2734001
   0.552877E-02    1324 2736001
   0.560185E-02    1318 2738001
   0.552684E-02    1341 2740001
   0.562607E-02    1324 2742001
   0.554280E-02    1312 2744001
   0.549666E-02    1324 2746001
   0.553397E-02    1343 2748001
   0.561510E-02    1367 2750001
   0.541527E-02    1349 2752001
   0.562900E-02    1350 2754001
   0.544655E-02    1361 2756001
   0.567834E-02    1334 2758001
   0.537123E-02    1313 2760001
   0.555879E-02    1357 2762001
   0.555686E-02    1334 2764001
   0.557858E-02    1332 2766001
   0.528229E-02    1355 2768001
   0.554890E-02    1329 2770001
   0.553419E-02    1345 2772001
   0.566765E-02    1365 2774001
   0.542217E-02    1300 2776001
   0.570890E-02    1293 2778001
   0.551501E-02    1338 2780001
   0.548799E-02    1312 2782001
   0.571423E-02    1346 2784001
   0.543531E-02    1348 2786001
   0.542789E-02    1353 2788001
   0.552398E-02    1282 2790001
   0.554943E-02    1334 2792001
   0.551429E-02    1341 2794001
   0.552192E-02    1353 2796001
   0.556252E-02    1333 2798001
   0.546744E-02    1347 2800001
   0.562093E-02    1322 2802001
   0.546791E-02    1324 2804001
   0.549533E-02    1335 2806001
   0.542830E-02    1348 2808001
   0.549705E-02    1297 2810001
   0.546863E-02    1334 2812001
   0.558199E-02    1307 2814001
   0.563144E-02    1312 2816001
   0.571883E-02    1352 2818001
   0.570082E-02    1327 2820001
   0.551532E-02    1297 2822001
   0.559126E-02    1319 2824001
   0.540517E-02    1337 2826001
   0.548229E-02    1305 2828001
   0.556726E-02    1324 2830001
   0.544773E-02    1329 2832001
   0.564632E-02    1326 2834001
   0.563510E-02    1325 2836001
   0.578812E-02    1372 2838001
   0.549611E-02    1334 2840001
   0.564268E-02    1319 2842001
   0.573929E-02    1322 2844001
   0.562452E-02    1365 2846001
   0.539872E-02    1298 2848001
   0.519168E-02    1322 2850001
   0.556458E-02    1350 2852001
   0.543128E-02    1341 2854001
   0.572423E-02    1355 2856001
   0.571505E-02    1329 2858001
   0.540243E-02    1355 2860001
   0.551945E-02    1312 2862001
   0.530197E-02    1355 2864001
   0.548863E-02    1313 2866001
   0.544688E-02    1333 2868001
   0.553355E-02    1336 2870001
   0.523521E-02    1320 2872001
   0.563870E-02    1321 2874001
   0.556654E-02    1329 2876001
   0.562850E-02    1341 2878001
   0.547773E-02    1358 2880001
   0.560671E-02    1356 2882001
   0.557251E-02    1349 2884001
   0.560965E-02    1328 2886001
   0.571886E-02    1332 2888001
   0.539882E-02    1322 2890001
   0.548915E-02    1343 2892001
   0.531941E-02    1347 2894001
   0.558287E-02    1338 2896001
   0.545005E-02    1297 2898001
   0.565488E-02    1362 2900001
   0.527809E-02    1317 2902001
   0.528412E-02    1337 2904001
   0.546121E-02    1328 2906001
   0.547687E-02    1323 2908001
   0.541894E-02    1369 2910001
   0.540220E-02    1281 2912001
   0.572872E-02    1341 2914001
   0.572448E-02    1362 2916001
   0.575707E-02    1333 2918001
   0.552281E-02    1325 2920001
   0.589226E-02    1344 2922001
   0.542210E-02    1330 2924001
   0.559019E-02    1293 2926001
   0.571367E-02    1298 2928001
   0.543112E-02    1308 2930001
   0.581331E-02    1322 2932001
   0.550697E-02    1310 2934001
   0.554590E-02    1316 2936001
   0.553506E-02    1334 2938001
   0.545090E-02    1330 2940001
   0.552793E-02    1367 2942001
   0.555052E-02    1353 2944001
   0.558898E-02    1346 2946001
   0.554759E-02    1352 2948001
   0.557683E-02    1335 2950001
   0.566112E-02    1346 2952001
   0.560026E-02    1306 2954001
   0.547345E-02    1324 2956001
   0.552450E-02    1369 2958001
   0.571327E-02    1337 2960001
   0.544267E-02    1335 2962001
   0.557470E-02    1333 2964001
   0.559224E-02    1349 2966001
   0.559457E-02    1333 2968001
   0.574908E-02    1383 2970001
   0.558097E-02    1307 2972001
   0.565304E-02    1315 2974001
   0.560222E-02    1336 2976001
   0.520543E-02    1314 2978001
   0.531272E-02    1343 2980001
   0.541738E-02    1310 2982001
   0.557554E-02    1357 2984001
   0.549910E-02    1299 2986001
   0.536543E-02    1305 2988001
   0.552369E-02    1351 2990001
   0.532255E-02    1336 2992001
   0.554760E-02    1294 2994001
   0.549926E-02    1354 2996001
   0.548059E-02    1347 2998001
   0.547440E-02    1385 3000001
   0.541740E-02    1318 3002001
   0.576543E-02    1344 3004001
   0.566018E-02    1352 3006001
   0.532094E-02    1364 3008001
   0.548735E-02    1337 3010001
   0.551322E-02    1332 3012001
   0.562046E-02    1340 3014001
   0.554072E-02    1342 3016001
   0.539775E-02    1332 3018001
   0.540111E-02    1346 3020001
   0.572662E-02    1346 3022001
   0.575537E-02    1340 3024001
   0.564392E-02    1332 3026001
   0.560670E-02    1318 3028001
   0.557157E-02    1379 3030001
   0.549476E-02    1320 3032001
   0.557703E-02    1341 3034001
   0.550404E-02    1343 3036001
   0.555224E-02    1355 3038001
   0.570091E-02    1323 3040001
   0.549983E-02    1313 3042001
   0.531141E-02    1330 3044001
   0.561934E-02    1320 3046001
   0.566171E-02    1326 3048001
   0.569774E-02    1386 3050001
   0.570914E-02    1334 3052001
   0.572461E-02    1335 3054001
   0.573993E-02    1320 3056001
   0.557075E-02    1307 3058001
   0.576369E-02    1307 3060001
   0.556046E-02    1300 3062001
   0.569085E-02    1346 3064001
   0.567145E-02    1347 3066001
   0.541319E-02    1303 3068001
   0.541841E-02    1306 3070001
   0.585948E-02    1310 3072001
   0.570544E-02    1340 3074001
   0.562719E-02    1352 3076001
   0.559983E-02    1318 3078001
   0.532704E-02    1333 3080001
   0.546261E-02    1307 3082001
   0.550195E-02    1341 3084001
   0.579367E-02    1336 3086001
   0.556773E-02    1352 3088001
   0.559614E-02    1316 3090001
   0.547526E-02    1298 3092001
   0.554255E-02    1299 3094001
   0.559845E-02    1335 3096001
   0.551047E-02    1323 3098001
   0.567600E-02    1325 3100001
   0.545280E-02    1341 3102001
   0.542091E-02    1274 3104001
   0.551384E-02    1322 3106001
   0.569831E-02    1331 3108001
   0.543733E-02    1341 3110001
   0.541967E-02    1329 3112001
   0.577546E-02    1324 3114001
   0.546837E-02    1320 3116001
   0.566171E-02    1372 3118001
   0.556406E-02    1326 3120001
   0.553241E-02    1351 3122001
   0.570935E-02    1311 3124001
   0.579771E-02    1337 3126001
   0.542069E-02    1325 3128001
   0.538120E-02    1359 3130001
   0.542065E-02    1332 3132001
   0.552805E-02    1369 3134001
   0.569197E-02    1307 3136001
   0.538965E-02    1348 3138001
   0.557044E-02    1383 3140001
   0.573289E-02    1306 3142001
   0.573952E-02    1353 3144001
   0.566426E-02    1313 3146001
   0.549076E-02    1349 3148001
   0.584910E-02    1312 3150001
   0.545392E-02    1313 3152001
   0.575237E-02    1319 3154001
   0.535807E-02    1319 3156001
   0.562930E-02    1343 3158001
   0.560313E-02    1285 3160001
   0.563073E-02    1339 3162001
   0.547812E-02    1347 3164001
   0.555551E-02    1317 3166001
   0.563793E-02    1341 3168001
   0.552986E-02    1325 3170001
   0.554351E-02    1310 3172001
   0.548481E-02    1313 3174001
   0.557555E-02    1309 3176001
   0.568021E-02    1340 3178001
   0.546098E-02    1331 3180001
   0.568674E-02    1340 3182001
   0.551506E-02    1323 3184001
   0.550019E-02    1357 3186001
   0.533508E-02    1340 3188001
   0.566815E-02    1322 3190001
   0.553680E-02    1352 3192001
   0.565704E-02    1348 3194001
   0.517597E-02    1351 3196001
   0.532105E-02    1359 3198001
   0.550512E-02    1339 3200001
   0.545233E-02    1354 3202001
   0.539622E-02    1346 3204001
   0.541519E-02    1332 3206001
   0.573209E-02    1334 3208001
   0.572210E-02    1375 3210001
   0.534345E-02    1361 3212001
   0.553660E-02    1361 3214001
   0.549658E-02    1323 3216001
   0.585285E-02    1328 3218001
   0.566275E-02    1354 3220001
   0.572010E-02    1320 3222001
   0.555188E-02    1349 3224001
   0.552131E-02    1370 3226001
   0.560997E-02    1340 3228001
   0.537918E-02    1343 3230001
   0.579802E-02    1307 3232001
   0.553629E-02    1335 3234001
   0.567767E-02    1326 3236001
   0.552154E-02    1339 3238001
   0.569159E-02    1320 3240001
   0.546629E-02    1318 3242001
   0.556695E-02    1369 3244001
   0.563259E-02    1329 3246001
   0.554305E-02    1300 3248001
   0.568456E-02    1332 3250001
   0.559324E-02    1330 3252001
   0.536518E-02    1323 3254001
   0.567907E-02    1311 3256001
   0.543470E-02    1360 3258001
   0.547685E-02    1307 3260001
   0.553565E-02    1304 3262001
   0.538476E-02    1370 3264001
   0.552176E-02    1328 3266001
   0.557070E-02    1329 3268001
   0.544660E-02    1336 3270001
   0.558508E-02    1349 3272001
   0.545453E-02    1323 3274001
   0.549795E-02    1360 3276001
   0.556084E-02    1356 3278001
   0.550279E-02    1292 3280001
   0.550656E-02    1357 3282001
   0.546701E-02    1328 3284001
   0.549370E-02    1332 3286001
   0.552061E-02    1349 3288001
   0.565543E-02    1353 3290001
   0.538611E-02    1316 3292001
   0.542185E-02    1334 3294001
   0.534914E-02    1317 3296001
   0.560232E-02    1346 3298001
   0.543841E-02    1344 3300001
   0.549413E-02    1304 3302001
   0.553130E-02    1366 3304001
   0.550228E-02    1305 3306001
   0.570744E-02    1302 3308001
   0.566709E-02    1363 3310001
   0.530529E-02    1310 3312001
   0.554200E-02    1336 3314001
   0.550670E-02    1349 3316001
   0.562609E-02    1341 3318001
   0.579626E-02    1359 3320001
   0.550486E-02    1314 3322001
   0.582294E-02    1361 3324001
   0.561595E-02    1319 3326001
   0.574373E-02    1290 3328001
   0.546381E-02    1326 3330001
   0.558619E-02    1353 3332001
   0.565451E-02    1308 3334001
   0.560068E-02    1298 3336001
   0.582267E-02    1333 3338001
   0.554575E-02    1328 3340001
   0.536812E-02    1315 3342001
   0.562039E-02    1339 3344001
   0.553068E-02    1384 3346001
   0.574550E-02    1343 3348001
   0.558337E-02    1370 3350001
   0.558834E-02    1309 3352001
   0.528977E-02    1336 3354001
   0.556549E-02    1349 3356001
   0.558150E-02    1317 3358001
   0.558611E-02    1302 3360001
   0.532182E-02    1320 3362001
   0.572788E-02    1322 3364001
   0.574184E-02    1350 3366001
   0.548046E-02    1314 3368001
   0.554108E-02    1301 3370001
   0.548906E-02    1326 3372001
   0.565149E-02    1354 3374001
   0.561261E-02    1318 3376001
   0.561806E-02    1331 3378001
   0.562386E-02    1324 3380001
   0.544218E-02    1312 3382001
   0.577568E-02    1331 3384001
   0.569445E-02    1352 3386001
   0.539454E-02    1338 3388001
   0.565379E-02    1359 3390001
   0.558138E-02    1351 3392001
   0.553174E-02    1312 3394001
   0.536888E-02    1333 3396001
   0.568653E-02    1345 3398001
   0.563662E-02    1351 3400001
   0.568378E-02    1352 3402001
   0.567600E-02    1329 3404001
   0.523161E-02    1322 3406001
   0.552718E-02    1364 3408001
   0.556147E-02    1357 3410001
   0.573302E-02    1355 3412001
   0.574469E-02    1349 3414001
   0.564502E-02    1341 3416001
   0.537372E-02    1338 3418001
   0.530765E-02    1326 3420001
   0.570336E-02    1329 3422001
   0.558949E-02    1324 3424001
   0.571709E-02    1357 3426001
   0.556683E-02    1333 3428001
   0.541558E-02    1371 3430001
   0.562544E-02    1351 3432001
   0.550548E-02    1282 3434001
   0.573494E-02    1339 3436001
   0.550760E-02    1302 3438001
   0.545494E-02    1352 3440001
   0.563576E-02    1354 3442001
   0.549181E-02    1332 3444001
   0.559262E-02    1330 3446001
   0.552577E-02    1308 3448001
   0.557708E-02    1323 3450001
   0.555180E-02    1320 3452001
   0.552141E-02    1333 3454001
   0.550554E-02    1302 3456001
   0.544942E-02    1306 3458001
   0.556038E-02    1357 3460001
   0.561957E-02    1357 3462001
   0.556879E-02    1330 3464001
   0.563755E-02    1335 3466001
   0.591501E-02    1360 3468001
   0.563082E-02    1339 3470001
   0.582004E-02    1357 3472001
   0.567297E-02    1360 3474001
   0.550501E-02    1341 3476001
   0.550144E-02    1325 3478001
   0.560452E-02    1354 3480001
   0.578049E-02    1293 3482001
   0.553277E-02    1352 3484001
   0.572471E-02    1345 3486001
   0.544927E-02    1300 3488001
   0.550553E-02    1297 3490001
   0.550413E-02    1377 3492001
   0.543893E-02    1302 3494001
   0.551623E-02    1341 3496001
   0.553297E-02    1340 3498001
   0.552345E-02    1356 3500001
   0.563261E-02    1340 3502001
   0.555570E-02    1346 3504001
   0.553342E-02    1366 3506001
   0.543033E-02    1324 3508001
   0.552549E-02    1379 3510001
   0.558105E-02    1337 3512001
   0.566974E-02    1313 3514001
   0.561957E-02    1327 3516001
   0.562842E-02    1310 3518001
   0.580679E-02    1328 3520001
   0.562738E-02    1350 3522001
   0.559555E-02    1303 3524001
   0.565249E-02    1366 3526001
   0.553653E-02    1341 3528001
   0.559496E-02    1356 3530001
   0.554418E-02    1335 3532001
   0.558605E-02    1336 3534001
   0.536583E-02    1322 3536001
   0.553971E-02    1309 3538001
   0.550327E-02    1355 3540001
   0.546852E-02    1334 3542001
   0.553713E-02    1311 3544001
   0.569662E-02    1298 3546001
   0.570517E-02    1335 3548001
   0.546965E-02    1349 3550001
   0.563538E-02    1313 3552001
   0.565190E-02    1334 3554001
   0.537533E-02    1369 3556001
   0.546508E-02    1344 3558001
   0.550443E-02    1341 3560001
   0.535725E-02    1361 3562001
   0.551177E-02    1388 3564001
   0.548331E-02    1366 3566001
   0.547936E-02    1360 3568001
   0.550382E-02    1331 3570001
   0.575937E-02    1334 3572001
   0.557663E-02    1349 3574001
   0.564975E-02    1344 3576001
   0.559511E-02    1318 3578001
   0.573437E-02    1316 3580001
   0.564064E-02    1300 3582001
   0.563669E-02    1328 3584001
   0.566092E-02    1310 3586001
   0.552395E-02    1317 3588001
   0.557319E-02    1347 3590001
   0.552131E-02    1346 3592001
   0.535067E-02    1370 3594001
   0.558554E-02    1360 3596001
   0.527696E-02    1320 3598001
   0.567364E-02    1301 3600001
   0.549043E-02    1314 3602001
   0.575617E-02    1305 3604001
   0.562192E-02    1314 3606001
   0.572746E-02    1325 3608001
   0.524603E-02    1363 3610001
   0.576935E-02    1323 3612001
   0.525278E-02    1348 3614001
   0.567468E-02    1310 3616001
   0.560314E-02    1350 3618001
   0.550567E-02    1339 3620001
   0.553004E-02    1330 3622001
   0.555038E-02    1313 3624001
   0.570131E-02    1324 3626001
   0.549786E-02    1360 3628001
   0.525801E-02    1356 3630001
   0.540181E-02    1340 3632001
   0.556643E-02    1318 3634001
   0.562251E-02    1329 3636001
   0.552887E-02    1300 3638001
   0.554387E-02    1328 3640001
   0.557202E-02    1320 3642001
   0.559879E-02    1321 3644001
   0.550236E-02    1339 3646001
   0.557725E-02    1347 3648001
   0.566402E-02    1325 3650001
   0.553759E-02    1322 3652001
   0.571484E-02    1368 3654001
   0.567028E-02    1337 3656001
   0.550173E-02    1324 3658001
   0.545979E-02    1354 3660001
   0.570060E-02    1364 3662001
   0.546841E-02    1344 3664001
   0.547087E-02    1350 3666001
   0.556524E-02    1357 3668001
   0.550076E-02    1371 3670001
   0.555674E-02    1350 3672001
   0.558709E-02    1323 3674001
   0.547482E-02    1320 3676001
   0.559105E-02    1323 3678001
   0.542184E-02    1322 3680001
   0.561258E-02    1358 3682001
   0.545280E-02    1345 3684001
   0.552391E-02    1356 3686001
   0.516560E-02    1352 3688001
   0.546776E-02    1292 3690001
   0.562385E-02    1349 3692001
   0.578517E-02    1343 3694001
   0.565787E-02    1349 3696001
   0.549711E-02    1337 3698001
   0.574028E-02    1348 3700001
   0.559802E-02    1350 3702001
   0.547375E-02    1310 3704001
   0.563630E-02    1313 3706001
   0.563173E-02    1320 3708001
   0.548396E-02    1333 3710001
   0.572595E-02    1343 3712001
   0.559618E-02    1346 3714001
   0.571465E-02    1362 3716001
   0.549408E-02    1335 3718001
   0.558558E-02    1358 3720001
   0.571714E-02    1330 3722001
   0.534890E-02    1288 3724001
   0.542711E-02    1338 3726001
   0.542455E-02    1300 3728001
   0.557868E-02    1349 3730001
   0.558728E-02    1409 3732001
   0.541283E-02    1320 3734001
   0.581853E-02    1341 3736001
   0.539533E-02    1325 3738001
   0.552182E-02    1326 3740001
   0.590371E-02    1341 3742001
   0.540666E-02    1323 3744001
   0.557394E-02    1367 3746001
   0.559106E-02    1314 3748001
   0.539847E-02    1314 3750001
   0.555590E-02    1287 3752001
   0.536302E-02    1343 3754001
   0.536436E-02    1354 3756001
   0.546363E-02    1343 3758001
   0.546248E-02    1326 3760001
   0.543045E-02    1318 3762001
   0.559675E-02    1353 3764001
   0.562070E-02    1333 3766001
   0.555234E-02    1329 3768001
   0.567924E-02    1327 3770001
   0.549173E-02    1325 3772001
   0.564975E-02    1366 3774001
   0.560162E-02    1366 3776001
   0.535065E-02    1342 3778001
   0.544634E-02    1376 3780001
   0.557915E-02    1370 3782001
   0.534176E-02    1297 3784001
   0.538250E-02    1305 3786001
   0.550185E-02    1354 3788001
   0.544482E-02    1331 3790001
   0.548761E-02    1340 3792001
   0.550911E-02    1331 3794001
   0.552259E-02    1326 3796001
   0.548585E-02    1303 3798001
   0.542237E-02    1357 3800001
   0.559742E-02    1305 3802001
   0.572860E-02    1308 3804001
   0.556753E-02    1358 3806001
   0.561866E-02    1303 3808001
   0.559727E-02    1331 3810001
   0.554167E-02    1341 3812001
   0.549885E-02    1373 3814001
   0.548387E-02    1334 3816001
   0.560022E-02    1303 3818001
   0.560210E-02    1329 3820001
   0.556503E-02    1349 3822001
   0.546477E-02    1345 3824001
   0.570082E-02    1336 3826001
   0.573700E-02    1338 3828001
   0.533633E-02    1343 3830001
   0.543832E-02    1350 3832001
   0.532113E-02    1360 3834001
   0.548128E-02    1370 3836001
   0.540404E-02    1298 3838001
   0.559338E-02    1357 3840001
   0.567959E-02    1325 3842001
   0.553286E-02    1321 3844001
   0.538943E-02    1350 3846001
   0.540061E-02    1333 3848001
   0.553975E-02    1327 3850001
   0.525460E-02    1320 3852001
   0.541367E-02    1354 3854001
   0.559265E-02    1295 3856001
   0.551941E-02    1325 3858001
   0.556004E-02    1315 3860001
   0.557196E-02    1305 3862001
   0.556363E-02    1363 3864001
   0.527158E-02    1346 3866001
   0.574478E-02    1352 3868001
   0.554857E-02    1337 3870001
   0.542001E-02    1322 3872001
   0.554860E-02    1322 3874001
   0.560000E-02    1345 3876001
   0.559928E-02    1352 3878001
   0.558819E-02    1310 3880001
   0.568342E-02    1387 3882001
   0.568474E-02    1343 3884001
   0.554988E-02    1327 3886001
   0.578610E-02    1316 3888001
   0.545573E-02    1322 3890001
   0.559519E-02    1344 3892001
   0.567630E-02    1359 3894001
   0.560250E-02    1372 3896001
   0.535608E-02    1348 3898001
   0.553511E-02    1326 3900001
   0.551068E-02    1328 3902001
   0.568831E-02    1322 3904001
   0.551532E-02    1334 3906001
   0.536153E-02    1272 3908001
   0.563076E-02    1319 3910001
   0.558721E-02    1327 3912001
   0.562941E-02    1336 3914001
   0.564096E-02    1318 3916001
   0.562624E-02    1319 3918001
   0.558820E-02    1352 3920001
   0.554496E-02    1359 3922001
   0.553976E-02    1349 3924001
   0.568370E-02    1313 3926001
   0.571551E-02    1329 3928001
   0.563369E-02    1329 3930001
   0.557673E-02    1304 3932001
   0.564394E-02    1354 3934001
   0.557136E-02    1334 3936001
   0.559391E-02    1345 3938001
   0.545718E-02    1308 3940001
   0.560024E-02    1343 3942001
   0.559248E-02    1339 3944001
   0.566607E-02    1292 3946001
   0.559030E-02    1352 3948001
   0.556428E-02    1302 3950001
   0.541488E-02    1329 3952001
   0.557879E-02    1327 3954001
   0.553494E-02    1352 3956001
   0.567610E-02    1328 3958001
   0.570168E-02    1343 3960001
   0.539452E-02    1339 3962001
   0.549699E-02    1287 3964001
   0.566149E-02    1322 3966001
   0.556178E-02    1353 3968001
   0.541381E-02    1309 3970001
   0.556812E-02    1320 3972001
   0.549826E-02    1322 3974001
   0.574529E-02    1326 3976001
   0.542666E-02    1320 3978001
   0.560147E-02    1326 3980001
   0.560356E-02    1329 3982001
   0.550228E-02    1325 3984001
   0.542632E-02    1344 3986001
   0.560559E-02    1371 3988001
   0.543174E-02    1306 3990001
   0.547050E-02    1346 3992001
   0.562526E-02    1324 3994001
   0.541007E-02    1314 3996001
   0.563453E-02    1304 3998001
   0.561334E-02    1318 4000000
