  1 1024 2048
  2 1024 2048
  3 1024 2048
  4 1024 2048
  5 1024 2048
  6 1024 2048
  7 1024 2048
  8 1024 2048
  9 1024 2048
 10 1024 2048
 11 1024 2048
 12 1024 2048
 13 1024 2048
 14 1024 2048
 15 1024 2048
 16 1024 2048
 17 1024 2048
 18 1024 2048
 19 1024 2048
 20 1024 2048
 21 1024 2048
 22 1024 2048
 23 1024 2048
 24 1024 2048
 25 1024 2048
 26 1024 2048
 27 1024 2048
 28 1024 2048
 29 1024 2048
 30 1024 2048
 31 1024 2048
 32 1024 2048
 33 1024 2048
 34 1024 2048
 35 1024 2048
 36 1024 2048
 37 1024 2048
 38 1024 2048
 39 1024 2048
 40 1024 2048
 41 1024 2048
 42 1024 2048
 43 1024 2048
 44 1024 2048
 45 1024 2048
 46 1024 2048
 47 1024 2048
 48 1024 2048
 49 1024 2048
 50 1024 2048
 51 1024 2048
 52 1024 2048
 53 1024 2048
 54 1024 2048
 55 1024 2048
 56 1024 2048
 57 1024 2048
 58 1024 2048
 59 1024 2048
 60 1024 2048
 61 1024 2048
 62 1024 2048
